 ! Swift/XRT lightcurve of trigger: 1088940, name: GRB 211211A
 ! T0 for this burst is Swift MET=660921027.84 s, = 2021 Dec 11 at 13:09:59.602 UT

 ! Data covers 0.3-10 keV
 ! The data are in 5 columns: ";
 ! time, time error (+ve), time error (-ve), source count-rate, source error
 ! For a detailed description of light curve production, see Evans et al. 2007 (A&A, 469, 379 )
 ! For a detailed description of the file, see
 ! http://www.swift.ac.uk/xrt_curves/docs.php
 ! This lightcurve was obtained from http://www.swift.ac.uk/xrt_curves/01088940
 ! BINMODE: GRB-like (counts)

! WTSLEW data
!Time    	T_+ve   	T_-ve   	Rate    	Ratepos 	Rateneg
69.9354154796797	0.34341244276753	-0.588857521656578	1541.72065479752	151.112773595596	-150.819099574419
70.743655984768	0.527916025852093	-0.464828062320805	1292.05340558684	128.011499809409	-128.1080198557
71.6253774160718	0.436114566968115	-0.353805405451681	1706.33180203183	169.281456714686	-169.188686875004
72.5920091395546	0.65090483864816	-0.530517156514748	1132.82557416366	112.469209906332	-112.299381238582
73.7536890415696	0.444611932902419	-0.510775063366779	1410.09121461855	140.128037793808	-139.953934457092
74.7805338066285	0.535045147694348	-0.58223283215645	1253.17370900568	131.07077977962	-126.270620656609
75.7473062092377	0.493400728178358	-0.431727254914946	965.124270713958	121.027707479239	-143.785480763273
76.7948253658729	0.607625570070681	-0.554118428456817	1132.6551819229	116.221907544949	-167.794790544785
78.1277127762358	0.627744148202709	-0.725261840292191	1284.20293389304	111.805355693309	-174.029953938066
! WT data
!Time    	T_+ve   	T_-ve   	Rate    	Ratepos 	Rateneg
83.3331	0.4039	-0.3594	1.277345e+03	1.432190e+02	-1.368560e+02
84.1455	0.4508	-0.4085	1.139987e+03	1.234117e+02	-1.216068e+02
84.9587	0.3475	-0.3624	8.953705e+02	1.236441e+02	-1.205045e+02
85.6713	0.3484	-0.3651	1.405895e+03	1.492013e+02	-1.456893e+02
86.3845	0.3379	-0.3648	9.311258e+02	1.213057e+02	-1.208316e+02
87.2019	0.4812	-0.4795	1.014773e+03	1.096041e+02	-1.088381e+02
88.0310	0.3780	-0.3479	9.208007e+02	1.172286e+02	-1.164171e+02
88.8428	0.3188	-0.4338	8.570246e+02	1.145538e+02	-1.131001e+02
89.5292	0.4347	-0.3676	8.096544e+02	1.097265e+02	-1.059166e+02
90.3106	0.3917	-0.3466	8.862344e+02	1.193765e+02	-1.149301e+02
91.1075	0.4275	-0.4052	7.914967e+02	1.030034e+02	-1.017700e+02
91.9197	0.4123	-0.3847	8.209547e+02	1.072747e+02	-1.064732e+02
92.7501	0.3699	-0.4181	8.303618e+02	1.086723e+02	-1.076997e+02
93.5237	0.3881	-0.4036	8.320010e+02	1.088866e+02	-1.079123e+02
94.3015	0.3468	-0.3897	8.921215e+02	1.184479e+02	-1.167246e+02
95.0578	0.3128	-0.4095	8.965815e+02	1.208258e+02	-1.193882e+02
95.7838	0.3234	-0.4132	8.985548e+02	1.181114e+02	-1.165275e+02
96.5368	0.4119	-0.4296	7.526888e+02	1.036331e+02	-1.029296e+02
97.3597	0.5213	-0.4110	7.099270e+02	9.383737e+01	-9.210165e+01
98.2889	0.4230	-0.4079	8.079845e+02	1.051202e+02	-1.030702e+02
99.226	0.555	-0.515	6.234029e+02	8.151556e+01	-8.018622e+01
100.2755	0.4913	-0.4944	6.522536e+02	8.848255e+01	-8.765775e+01
101.1374	0.4495	-0.3707	8.242619e+02	1.051605e+02	-1.041745e+02
102.207	0.677	-0.620	5.029788e+02	6.673805e+01	-6.644492e+01
103.3540	0.4409	-0.4700	7.421818e+02	9.452953e+01	-9.380134e+01
104.2343	0.4145	-0.4395	7.954256e+02	1.036809e+02	-1.023158e+02
105.1017	0.4847	-0.4529	7.075552e+02	9.813511e+01	-9.507448e+01
106.096	0.493	-0.510	6.757565e+02	9.224410e+01	-8.864987e+01
107.236	0.606	-0.646	5.296591e+02	7.422017e+01	-7.145810e+01
108.2636	0.4239	-0.4212	7.676312e+02	1.184837e+02	-1.201172e+02
109.2173	0.4184	-0.5299	6.996038e+02	1.138647e+02	-1.286952e+02
110.0628	0.4483	-0.4271	7.690624e+02	1.231767e+02	-1.412997e+02
111.225	0.693	-0.714	4.922522e+02	7.952239e+01	-8.549886e+01
112.582	0.521	-0.664	5.722623e+02	9.836669e+01	-9.736289e+01
113.626	0.632	-0.523	5.999564e+02	1.063544e+02	-9.414623e+01
114.790	0.524	-0.533	6.325881e+02	1.077052e+02	-1.026616e+02
116.032	0.669	-0.717	4.387070e+02	7.236968e+01	-9.281876e+01
117.338	0.596	-0.637	5.039742e+02	8.041774e+01	-1.176721e+02
118.505	0.514	-0.571	5.815134e+02	9.458204e+01	-1.441785e+02
119.484	0.556	-0.465	6.258874e+02	9.963000e+01	-1.501451e+02
120.632	0.524	-0.592	5.729789e+02	9.280745e+01	-1.393724e+02
121.829	0.625	-0.674	4.784301e+02	7.738580e+01	-1.309240e+02
123.095	0.736	-0.641	4.512310e+02	7.446453e+01	-1.164876e+02
124.2849	0.4611	-0.4534	6.940677e+02	1.137852e+02	-1.889125e+02
125.417	0.740	-0.671	4.425766e+02	7.161021e+01	-1.213680e+02
126.924	0.628	-0.767	4.501769e+02	7.275047e+01	-1.233923e+02
128.169	0.680	-0.617	5.049375e+02	8.014699e+01	-1.375622e+02
129.385	0.639	-0.537	5.339465e+02	8.733630e+01	-1.469885e+02
130.604	0.459	-0.580	5.379144e+02	8.267872e+01	-1.222381e+02
131.3355	0.2334	-0.2719	6.020835e+02	7.657932e+01	-7.364989e+01
131.8618	0.3102	-0.2929	4.637349e+02	5.933624e+01	-5.787862e+01
132.4762	0.2082	-0.3042	5.320478e+02	7.165576e+01	-6.859562e+01
132.9176	0.2685	-0.2332	5.922514e+02	7.514810e+01	-7.081118e+01
133.4307	0.2767	-0.2446	5.320165e+02	6.996450e+01	-6.711705e+01
133.9650	0.2602	-0.2576	5.493371e+02	6.883482e+01	-6.711808e+01
134.4711	0.2824	-0.2460	5.337673e+02	6.803168e+01	-6.590694e+01
135.0124	0.2483	-0.2588	6.297235e+02	7.779889e+01	-7.466384e+01
135.5555	0.2548	-0.2949	5.087583e+02	6.631277e+01	-6.349787e+01
136.0702	0.2419	-0.2598	5.744128e+02	7.361426e+01	-7.059935e+01
136.5656	0.2713	-0.2536	5.329028e+02	6.885295e+01	-6.650691e+01
137.0817	0.2587	-0.2448	5.639293e+02	7.154165e+01	-6.984343e+01
137.6903	0.3439	-0.3499	3.996945e+02	5.209377e+01	-5.042096e+01
138.3366	0.2688	-0.3023	4.856093e+02	6.372389e+01	-6.126102e+01
138.9247	0.3159	-0.3193	4.366410e+02	5.742740e+01	-5.508493e+01
139.5965	0.3984	-0.3559	3.707653e+02	4.793281e+01	-4.627182e+01
140.3395	0.3065	-0.3447	4.295172e+02	5.545526e+01	-5.360401e+01
141.0288	0.3164	-0.3828	3.932704e+02	5.193681e+01	-5.014991e+01
141.7148	0.2887	-0.3696	4.349752e+02	5.553598e+01	-5.330507e+01
142.3040	0.2475	-0.3005	5.191157e+02	6.617545e+01	-6.342268e+01
142.8268	0.3136	-0.2753	4.750270e+02	6.183492e+01	-5.928686e+01
143.4041	0.3199	-0.2637	4.753267e+02	6.218726e+01	-5.996246e+01
144.0555	0.3392	-0.3316	4.065143e+02	5.357473e+01	-5.240991e+01
144.7124	0.3138	-0.3178	4.466441e+02	5.671986e+01	-5.515105e+01
145.3156	0.3511	-0.2894	4.433875e+02	5.622048e+01	-5.491532e+01
145.9626	0.2681	-0.2959	5.001806e+02	6.464467e+01	-6.176516e+01
146.5636	0.3504	-0.3328	4.025458e+02	5.347751e+01	-5.133538e+01
147.2413	0.3203	-0.3273	4.392517e+02	5.530534e+01	-5.366428e+01
147.8291	0.3106	-0.2676	4.878811e+02	6.276444e+01	-6.024284e+01
148.6027	0.4906	-0.4630	2.834515e+02	3.798539e+01	-3.694269e+01
149.4126	0.3586	-0.3192	4.161651e+02	5.293676e+01	-5.138669e+01
150.272	0.556	-0.500	2.580037e+02	3.432870e+01	-3.326004e+01
151.2362	0.4262	-0.4082	3.267679e+02	4.355679e+01	-4.212476e+01
152.0972	0.3677	-0.4347	3.490833e+02	4.571218e+01	-4.403710e+01
152.8278	0.3113	-0.3630	4.145957e+02	5.643165e+01	-5.345859e+01
153.5721	0.3908	-0.4330	3.540518e+02	4.538861e+01	-4.325768e+01
154.2925	0.3287	-0.3296	4.349581e+02	5.633866e+01	-5.502552e+01
155.0302	0.4147	-0.4090	3.511148e+02	4.457182e+01	-4.335523e+01
155.8621	0.3229	-0.4172	3.875085e+02	4.996724e+01	-4.836134e+01
156.5410	0.3752	-0.3560	3.889180e+02	5.128976e+01	-4.906630e+01
157.3322	0.4967	-0.4160	3.142434e+02	4.043827e+01	-3.921786e+01
158.2504	0.4432	-0.4215	3.317072e+02	4.375651e+01	-4.140387e+01
159.2224	0.4248	-0.5288	2.931508e+02	3.922960e+01	-3.779297e+01
160.1230	0.3213	-0.4758	3.477061e+02	4.659340e+01	-4.531680e+01
160.8013	0.4329	-0.3571	3.661388e+02	4.690659e+01	-4.520966e+01
161.768	0.487	-0.534	2.761100e+02	3.680617e+01	-3.521520e+01
162.7583	0.3439	-0.5030	3.338656e+02	4.361061e+01	-4.211736e+01
163.5504	0.4787	-0.4482	3.054265e+02	3.943888e+01	-3.811762e+01
164.519	0.535	-0.490	2.762569e+02	3.555821e+01	-3.447706e+01
165.5191	0.4547	-0.4651	3.025933e+02	3.993704e+01	-3.858716e+01
166.4411	0.5130	-0.4674	2.863524e+02	3.807951e+01	-3.613815e+01
167.610	0.574	-0.656	2.357161e+02	3.056696e+01	-2.888880e+01
168.736	0.451	-0.552	2.821347e+02	3.735631e+01	-3.521209e+01
169.5680	0.4711	-0.3811	3.322081e+02	4.344503e+01	-4.145994e+01
170.602	0.627	-0.563	2.398590e+02	3.076204e+01	-2.961714e+01
171.790	0.673	-0.560	2.053200e+02	2.759401e+01	-2.591618e+01
173.017	0.454	-0.554	2.074153e+02	2.718915e+01	-2.540493e+01
174.141	0.736	-0.670	1.424208e+02	1.977939e+01	-1.842494e+01
175.427	0.524	-0.550	1.879682e+02	2.581197e+01	-2.404834e+01
176.606	0.516	-0.655	1.767548e+02	2.378675e+01	-2.216772e+01
177.712	0.603	-0.591	1.707136e+02	2.315263e+01	-2.161157e+01
178.8143	0.4176	-0.4987	2.263779e+02	3.017987e+01	-2.799812e+01
179.7472	0.4169	-0.5153	2.244370e+02	2.970156e+01	-2.743467e+01
180.832	0.584	-0.668	1.641614e+02	2.177525e+01	-2.054814e+01
182.100	0.624	-0.683	1.544628e+02	2.109229e+01	-1.976489e+01
183.561	0.866	-0.837	1.209889e+02	1.644479e+01	-1.529201e+01
185.159	0.699	-0.732	1.459099e+02	1.938408e+01	-1.828560e+01
186.389	0.614	-0.532	1.773456e+02	2.420618e+01	-2.298611e+01
187.570	0.614	-0.567	1.782285e+02	2.310119e+01	-2.205342e+01
188.973	0.770	-0.789	1.350960e+02	1.776404e+01	-1.674321e+01
190.660	0.842	-0.917	1.186166e+02	1.538734e+01	-1.483106e+01
192.268	0.828	-0.766	1.297738e+02	1.710307e+01	-1.642094e+01
193.902	0.851	-0.805	1.240695e+02	1.634175e+01	-1.569681e+01
195.744	1.008	-0.991	1.030875e+02	1.349099e+01	-1.289905e+01
197.474	0.725	-0.721	9.364415e+01	1.518259e+01	-1.470077e+01
198.834	0.906	-0.635	9.721847e+01	1.475404e+01	-1.433359e+01
200.523	0.665	-0.783	9.478230e+01	1.491958e+01	-1.461660e+01
201.800	0.407	-0.612	1.406589e+02	1.741494e+01	-1.725434e+01
202.5527	0.3239	-0.3451	1.113526e+02	1.378008e+01	-1.378256e+01
203.2135	0.3070	-0.3370	1.185227e+02	1.437548e+01	-1.437809e+01
203.8668	0.3423	-0.3462	9.840274e+01	1.277821e+01	-1.278035e+01
204.5011	0.2898	-0.2920	1.280353e+02	1.584458e+01	-1.584743e+01
205.1574	0.3238	-0.3665	1.089518e+02	1.331299e+01	-1.331549e+01
205.8626	0.3053	-0.3814	1.074198e+02	1.346432e+01	-1.346682e+01
206.4005	0.3101	-0.2325	9.722738e+01	1.418403e+01	-1.418602e+01
206.9468	0.3189	-0.2362	8.840517e+01	1.369116e+01	-1.369293e+01
207.5595	0.3911	-0.2939	1.098009e+02	1.341690e+01	-1.341954e+01
208.2188	0.2389	-0.2682	9.962471e+01	1.485288e+01	-1.485467e+01
208.7352	0.3132	-0.2775	9.882119e+01	1.370607e+01	-1.370815e+01
209.3919	0.3361	-0.3435	1.106610e+02	1.352219e+01	-1.352500e+01
210.0056	0.2935	-0.2776	8.718741e+01	1.324750e+01	-1.324947e+01
210.5533	0.3187	-0.2542	9.349748e+01	1.383327e+01	-1.383541e+01
211.1987	0.3209	-0.3267	1.161353e+02	1.419070e+01	-1.419331e+01
211.8198	0.2317	-0.3002	9.360339e+01	1.422176e+01	-1.422340e+01
212.3156	0.2536	-0.2641	9.973697e+01	1.470717e+01	-1.470901e+01
212.8936	0.3321	-0.3244	1.145465e+02	1.399656e+01	-1.399913e+01
213.5255	0.3087	-0.2997	1.235515e+02	1.509664e+01	-1.509920e+01
214.1542	0.3437	-0.3199	1.132830e+02	1.384200e+01	-1.384441e+01
214.7394	0.3029	-0.2416	9.274501e+01	1.382743e+01	-1.382928e+01
215.3478	0.3385	-0.3056	1.167253e+02	1.426296e+01	-1.426571e+01
215.9629	0.3977	-0.2766	1.104214e+02	1.366461e+01	-1.366690e+01
216.7475	0.2803	-0.3869	7.460025e+01	1.133440e+01	-1.133564e+01
217.3956	0.2264	-0.3678	8.375766e+01	1.272585e+01	-1.272733e+01
217.8977	0.2491	-0.2757	9.620328e+01	1.434296e+01	-1.434482e+01
218.4794	0.3809	-0.3325	1.053730e+02	1.287577e+01	-1.287824e+01
219.1837	0.3260	-0.3234	9.503173e+01	1.281608e+01	-1.281812e+01
219.8343	0.3550	-0.3246	1.106142e+02	1.351609e+01	-1.351859e+01
220.4653	0.2649	-0.2760	9.335503e+01	1.391817e+01	-1.391986e+01
221.0091	0.2566	-0.2789	9.294051e+01	1.412095e+01	-1.412251e+01
221.5388	0.2802	-0.2732	8.865011e+01	1.372869e+01	-1.373013e+01
222.1156	0.2727	-0.2966	8.742218e+01	1.328253e+01	-1.328400e+01
222.6455	0.2837	-0.2572	9.335501e+01	1.391817e+01	-1.391986e+01
223.2168	0.2336	-0.2877	9.763059e+01	1.466560e+01	-1.466743e+01
223.6810	0.2889	-0.2306	9.686037e+01	1.471660e+01	-1.471828e+01
224.3947	0.4008	-0.4247	6.294781e+01	9.384677e+00	-9.385719e+00
225.1304	0.3696	-0.3349	7.375695e+01	1.099617e+01	-1.099739e+01
225.9278	0.4938	-0.4278	5.558117e+01	8.444735e+00	-8.445658e+00
226.7648	0.3525	-0.3432	7.470004e+01	1.113678e+01	-1.113802e+01
227.5663	0.3373	-0.4491	6.513817e+01	9.896780e+00	-9.897861e+00
228.2300	0.3141	-0.3263	8.113446e+01	1.209625e+01	-1.209774e+01
228.9839	0.4515	-0.4398	5.746593e+01	8.731037e+00	-8.731941e+00
229.7107	0.2870	-0.2752	9.242788e+01	1.377976e+01	-1.378129e+01
230.4382	0.3120	-0.4405	6.806557e+01	1.034165e+01	-1.034285e+01
231.2245	0.4758	-0.4742	5.469591e+01	8.154518e+00	-8.155495e+00
232.0660	0.3513	-0.3657	7.040932e+01	1.090400e+01	-1.090527e+01
232.967	0.470	-0.550	5.024615e+01	7.634414e+00	-7.635452e+00
233.8074	0.3783	-0.3707	6.937711e+01	1.034345e+01	-1.034480e+01
234.6466	0.4056	-0.4608	5.858228e+01	8.733939e+00	-8.734991e+00
235.4075	0.3973	-0.3553	6.513369e+01	1.008700e+01	-1.008819e+01
236.313	0.502	-0.508	4.922062e+01	7.478732e+00	-7.479855e+00
237.1504	0.4121	-0.3351	6.752633e+01	1.006760e+01	-1.006899e+01
237.9612	0.3664	-0.3987	6.501366e+01	9.878164e+00	-9.879484e+00
238.863	0.561	-0.535	4.538383e+01	6.895483e+00	-6.896303e+00
239.8256	0.3718	-0.4021	6.426719e+01	9.764523e+00	-9.765652e+00
240.6632	0.5199	-0.4657	5.046235e+01	7.667136e+00	-7.668080e+00
241.6171	0.3861	-0.4340	6.152186e+01	9.172373e+00	-9.173620e+00
242.583	0.497	-0.579	4.620899e+01	7.020857e+00	-7.021694e+00
243.4721	0.4490	-0.3925	5.824916e+01	9.020697e+00	-9.021657e+00
244.431	0.631	-0.510	4.424435e+01	6.596413e+00	-6.597283e+00
245.6546	0.4016	-0.5930	4.935182e+01	7.643063e+00	-7.644071e+00
246.5285	0.4724	-0.4724	5.348100e+01	7.973450e+00	-7.974453e+00
247.4913	0.4240	-0.4905	5.524946e+01	8.237332e+00	-8.238544e+00
248.4843	0.4131	-0.5689	5.071176e+01	7.705271e+00	-7.706405e+00
249.3169	0.4327	-0.4195	5.843994e+01	8.879457e+00	-8.880724e+00
250.2398	0.4706	-0.4902	5.108762e+01	7.911789e+00	-7.912756e+00
251.253	0.573	-0.543	4.399962e+01	6.814030e+00	-6.814815e+00
252.427	0.516	-0.601	4.393034e+01	6.803427e+00	-6.804310e+00
253.511	0.628	-0.568	4.165609e+01	6.329220e+00	-6.330067e+00
254.612	0.763	-0.474	4.027722e+01	6.119674e+00	-6.120460e+00
255.8405	0.3958	-0.4653	5.866970e+01	8.746856e+00	-8.747816e+00
256.973	0.735	-0.737	3.433560e+01	5.119047e+00	-5.119669e+00
258.327	0.622	-0.620	4.068185e+01	6.065091e+00	-6.065740e+00
259.619	0.718	-0.670	3.588473e+01	5.452196e+00	-5.452827e+00
260.910	0.665	-0.573	4.021616e+01	6.110315e+00	-6.111037e+00
262.321	0.681	-0.746	3.540629e+01	5.278684e+00	-5.279335e+00
263.573	0.524	-0.571	4.485416e+01	6.946128e+00	-6.946728e+00
264.669	0.665	-0.573	4.079786e+01	6.082380e+00	-6.083025e+00
266.068	0.693	-0.734	3.489402e+01	5.301619e+00	-5.302190e+00
267.486	0.727	-0.724	3.477120e+01	5.184072e+00	-5.184769e+00
268.866	0.730	-0.652	3.599595e+01	5.469246e+00	-5.469999e+00
270.171	0.770	-0.575	3.753033e+01	5.595492e+00	-5.596289e+00
271.772	0.781	-0.831	3.131711e+01	4.669039e+00	-4.669619e+00
273.246	0.842	-0.694	3.287752e+01	4.901622e+00	-4.902185e+00
275.042	0.709	-0.954	2.948035e+01	4.565394e+00	-4.565837e+00
276.493	0.862	-0.741	3.149388e+01	4.695245e+00	-4.695705e+00
278.123	0.635	-0.768	3.547308e+01	5.389573e+00	-5.390133e+00
279.613	0.967	-0.855	2.772785e+01	4.133881e+00	-4.134364e+00
281.702	0.897	-1.122	2.465926e+01	3.746759e+00	-3.747287e+00
283.652	0.926	-1.052	2.553360e+01	3.806856e+00	-3.807388e+00
285.605	0.887	-1.027	2.601126e+01	3.952157e+00	-3.952694e+00
287.298	0.760	-0.806	3.180713e+01	4.832829e+00	-4.833520e+00
289.187	0.930	-1.129	2.384635e+01	3.693062e+00	-3.693552e+00
290.961	1.139	-0.845	2.510799e+01	3.814866e+00	-3.815346e+00
292.970	0.883	-0.870	2.883307e+01	4.298743e+00	-4.299314e+00
295.081	0.858	-1.229	2.352086e+01	3.642562e+00	-3.642972e+00
! PC data
!Time    	T_+ve   	T_-ve   	Rate    	Ratepos 	Rateneg
3519.350	35.915	-29.275	1.184157e+00	2.679790e-01	-2.679790e-01
3594.076	26.380	-38.811	1.164951e+00	2.632360e-01	-2.632360e-01
3643.923	19.157	-23.468	2.077777e+00	4.355032e-01	-4.355032e-01
3693.282	34.988	-30.202	1.224381e+00	2.718089e-01	-2.718089e-01
3748.477	14.896	-20.207	2.457188e+00	5.163725e-01	-5.163725e-01
3798.858	27.198	-35.485	1.310426e+00	2.875907e-01	-2.875907e-01
3848.596	27.606	-22.540	1.554871e+00	3.497640e-01	-3.497640e-01
3908.497	25.374	-32.294	1.348942e+00	3.029868e-01	-3.029868e-01
3952.913	18.568	-19.042	2.074330e+00	4.666148e-01	-4.666148e-01
4005.533	31.138	-34.052	1.174686e+00	2.666395e-01	-2.666395e-01
4061.210	30.622	-24.539	1.389625e+00	3.135319e-01	-3.135319e-01
4134.868	39.707	-43.035	9.401221e-01	2.124329e-01	-2.124329e-01
4195.365	19.326	-20.791	1.940478e+00	4.365051e-01	-4.365051e-01
4239.748	25.090	-25.056	1.570290e+00	3.542943e-01	-3.542943e-01
4297.936	27.078	-33.098	1.364966e+00	3.012794e-01	-3.012794e-01
4354.639	30.551	-29.625	1.347718e+00	2.978999e-01	-2.978999e-01
4411.248	21.581	-26.059	1.615795e+00	3.651099e-01	-3.651099e-01
4469.859	28.161	-37.030	1.264852e+00	2.775887e-01	-2.775887e-01
4520.865	17.272	-22.845	2.044398e+00	4.480313e-01	-4.480313e-01
4561.064	19.697	-22.927	1.811415e+00	4.080843e-01	-4.080843e-01
4598.554	22.324	-17.793	1.941571e+00	4.354459e-01	-4.354459e-01
4634.906	18.568	-14.028	2.393355e+00	5.359691e-01	-5.359691e-01
4671.511	24.587	-18.038	1.840502e+00	4.140160e-01	-4.140160e-01
4731.098	25.176	-35.000	1.359224e+00	2.995822e-01	-2.995822e-01
4792.980	23.470	-36.706	1.294273e+00	2.907074e-01	-2.907074e-01
4845.133	34.000	-28.683	1.245158e+00	2.813597e-01	-2.813597e-01
4915.076	34.263	-35.942	1.154822e+00	2.541665e-01	-2.541665e-01
4972.488	31.996	-23.150	1.645050e+00	3.466084e-01	-3.466084e-01
15975.162	38.387	-59.399	2.827111e-01	6.359620e-02	-6.359620e-02
16050.391	38.378	-36.842	3.724258e-01	8.361006e-02	-8.361006e-02
16155.276	76.411	-66.507	3.355806e-01	7.585935e-02	-7.585935e-02
16312.729	74.413	-81.042	3.594822e-01	8.093466e-02	-8.093466e-02
16435.371	64.601	-48.229	5.051718e-01	1.138472e-01	-1.138472e-01
16566.378	43.916	-66.406	2.664072e-01	5.857938e-02	-5.857938e-02
16652.278	40.758	-41.984	3.388582e-01	7.645638e-02	-7.645638e-02
16752.025	81.422	-58.989	1.990097e-01	4.499287e-02	-4.499287e-02
16874.426	36.748	-40.979	3.627661e-01	8.152298e-02	-8.152298e-02
16951.153	37.748	-39.979	3.622257e-01	8.148311e-02	-8.148311e-02
17028.997	47.661	-40.096	3.185407e-01	7.230813e-02	-7.230813e-02
17129.919	37.003	-53.261	3.147009e-01	7.058016e-02	-7.058016e-02
17232.839	54.435	-65.917	2.351917e-01	5.295972e-02	-5.295972e-02
17365.285	64.895	-78.011	2.663763e-01	5.164519e-02	-5.164519e-02
21741.539	63.623	-71.773	1.909366e-01	4.223432e-02	-4.223432e-02
21855.286	55.184	-50.124	2.350500e-01	5.301997e-02	-5.301997e-02
21952.826	45.400	-42.357	2.806519e-01	6.309872e-02	-6.309872e-02
22089.335	56.819	-91.108	1.656299e-01	3.732003e-02	-3.732003e-02
56514.699	236.683	-252.247	4.144625e-02	1.087000e-02	-1.087000e-02
56997.160	355.968	-245.778	4.001058e-02	9.598988e-03	-9.598988e-03
62273.158	573.024	-525.174	2.748881e-02	5.824251e-03	-5.824251e-03
67663.355	200.306	-368.858	3.340377e-02	8.783904e-03	-8.783904e-03
68100.424	289.764	-236.763	4.595369e-02	1.063756e-02	-1.063756e-02
73657.465	581.943	-508.733	2.734221e-02	5.790317e-03	-5.790317e-03
! PC upper limits
12088324.049	207.478	-218.763	9.6381e-02	0.0000e+00	0.0000e+00
