69.3474409580231	319	0	20.947	390.079688858953	0.971056523585319	1.0425033924818
69.4114909172058	763	0	14.8368	384.141026602497	0.975925601482391	1.03589471769333
69.4435160160065	116	0	24.7859	381.171684421277	0.978360149493217	1.03259036799908
69.448853969574	827	0	14.1674	380.676753530102	0.978765940723419	1.03203959794998
69.4595289230347	336	0	19.9044	379.68698017169	0.979577450685501	1.03093815625191
69.4648659229279	289	0	19.7144	379.192137704454	0.979983169417381	1.03038748460293
69.4702039957047	53	0	23.3709	378.697195760286	0.980388969709873	1.02983670225382
69.4755409955978	140	0	21.0879	378.202353293049	0.980794688441753	1.02928603060484
69.4790999889374	447	0	16.8916	377.872366206622	0.981065243115425	1.02891881367207
69.4968910217285	185	0	19.1175	376.222795523233	0.982417717428207	1.02708313490868
69.5075659751892	824	0	11.7513	375.233022164822	0.983229227390289	1.0259816932106
69.5182409286499	129	0	18.8523	374.24324880641	0.984040737352371	1.02488025151253
69.5200200080872	475	0	14.818	374.078293948669	0.984175982971191	1.02469668609619
69.5520449876785	680	0	12.0978	371.108962820442	0.986610521919727	1.02139234870195
69.5787329673767	303	0	15.2914	368.634474159451	0.988639342136383	1.0186386829567
69.5822910070419	103	0	17.2613	368.304575496962	0.988909824311733	1.01827156442404
69.5911870002747	110	1	16.9681	367.479745943298	0.989586097717285	1.01735367584229
69.5929659605026	585	0	12.2537	367.31480213855	0.989721334273815	1.01717012272596
69.6071989536285	233	0	15.4498	365.99513011765	0.990803326411247	1.01570156249523
69.6089789867401	139	0	16.4551	365.830086835971	0.990938644528389	1.01551789867878
69.612536907196	510	0	12.7718	365.500199226475	0.991209117641449	1.01515079244614
69.6303290128708	156	0	15.9464	363.850529066155	0.992561673514843	1.01331500298262
69.6303290128708	126	0	16.2683	363.850529066155	0.992561673514843	1.01331500298262
69.6410039663315	156	0	15.8065	362.860755707743	0.993373183476925	1.01221356128454
69.6552369594574	203	0	15.1931	361.541083686843	0.994455175614357	1.01074500105381
69.6570159196854	162	0	15.5012	361.376139882095	0.994590412170887	1.01056144793749
69.6997159719467	440	0	12.5198	357.417024342463	0.997836470143795	1.00615565654516
69.7210659980774	347	0	13.2315	355.322643464127	0.998928487091065	1.00459111167908
69.7210659980774	127	0	15.365	355.322643464127	0.998928487091065	1.00459111167908
69.758427977562	500	0	11.747	351.163841924002	0.998556361775398	1.00459783683538
69.7602080106735	322	0	13.299	350.965704551518	0.998538632645607	1.00459815724134
69.8153619766235	242	0	14.0204	344.826458138418	0.997989299144745	1.00460808495522
69.8153619766235	350	0	13.0012	344.826458138418	0.997989299144745	1.00460808495522
69.8189200162888	403	0	12.5427	344.43040897176	0.997953861069679	1.00460872540236
69.8278160095215	374	0	12.8321	343.440186535273	0.997865256977081	1.00461032668114
69.8438279628754	103	0	15.573	341.657879034782	0.997705777921677	1.00461320883274
69.8509449958801	327	0	13.3676	340.865674546967	0.997634892272949	1.00461448989868
69.8580619096756	268	0	14.0209	340.073483328464	0.997564007811546	1.00461577094316
69.8687369823456	346	0	13.3482	338.885229673991	0.997457684087753	1.00461769245625
69.8794119358063	243	0	13.9447	337.696989288831	0.997351361551285	1.00461961394787
69.8811910152435	83	0	15.0918	337.498958070846	0.99733364192009	1.00461993418217
69.8918659687042	158	0	13.8362	336.310717685685	0.997227319383621	1.00462185567379
69.8936449289322	787	0	8.87084	336.112699737012	0.997209600939751	1.00462217588663
69.9025409221649	122	0	14.173	335.122477300525	0.997120996847153	1.00462377716541
69.9167739152908	35	0	15.0318	333.538187748706	0.996979236235619	1.00462633910418
69.9185529947281	370	0	11.9229	333.340156530721	0.996961516604424	1.00462665933847
69.9203319549561	163	0	13.7728	333.142138582048	0.996943798160553	1.00462697955132
69.9381239414215	301	0	12.517	331.161693709073	0.996766589975357	1.00463018210888
69.9648119211197	184	0	13.6159	328.19102639961	0.996500777697563	1.00463498594522
69.9665910005569	256	0	12.9486	327.992995181625	0.996483058066368	1.00463530617952
69.9719280004501	274	0	12.804	327.398928066294	0.996429901547432	1.0046362668395
70.0039529800415	110	0	14.456	323.834193641501	0.996110932750702	1.00464203133583
70.0181869268417	283	0	12.8881	322.249797935183	0.995969162640572	1.00464459344625
70.0181869268417	98	0	14.6816	322.249797935183	0.995969162640572	1.00464459344625
70.019966006279	353	0	12.2594	322.051766717198	0.995951443009377	1.00464491368055
70.0235239267349	366	0	12.1456	321.655730819852	0.995916006121635	1.00464555410624
70.0306409597397	304	0	12.7481	320.863526332037	0.995845120472908	1.00464683517218
70.0359779596329	614	0	10.2206	320.269459216707	0.995791963953972	1.00464779583216
70.0413159132004	454	2	11.4911	319.675285946877	0.995738797936439	1.0046487566638
70.0413159132004	203	0	13.7661	319.675285946877	0.995738797936439	1.0046487566638
70.0484319925308	476	0	11.3643	318.883187613561	0.995667921786308	1.00465003755808
70.0484319925308	285	0	13.0552	318.883187613561	0.995667921786308	1.00465003755808
70.0591069459915	355	0	12.4878	317.694947228401	0.99556159924984	1.0046519590497
70.076898932457	86	0	15.416	315.714502355425	0.995384391064644	1.00465516160727
70.0786780118942	295	2	13.2513	315.51647113744	0.995366671433449	1.00465548184156
70.0893529653549	578	0	10.9397	314.32823075228	0.99526034889698	1.00465740333319
70.0911319255829	188	0	14.6543	314.130212803607	0.99524263045311	1.00465772354603
70.0929119586945	48	0	16.2325	313.932075431123	0.995224901323318	1.00465804395199
70.0964699983597	833	0	9.00571	313.536026264465	0.995189463248253	1.00465868439913
70.1018069982529	111	1	15.741	312.941959149134	0.995136306729317	1.00465964505911
70.1160409450531	521	0	11.0554	311.357563442817	0.994994536619186	1.00466220716953
70.1320530176163	188	0	13.8031	309.575242673013	0.994835056376457	1.00466508934259
70.140949010849	393	0	11.5643	308.585020236526	0.994746452283859	1.00466669062138
70.1516239643097	358	0	11.1912	307.396779851365	0.994640129747391	1.004668612113
70.1516239643097	194	0	12.57	307.396779851365	0.994640129747391	1.004668612113
70.1534029245377	196	0	12.5523	307.198761902692	0.99462241130352	1.00466893232584
70.1551820039749	142	0	13.0361	307.000730684707	0.994604691672325	1.00466925256014
70.1605199575424	421	0	10.694	306.406557414877	0.994551525654793	1.00467021339178
70.1729739904404	298	0	11.6729	305.020285811732	0.994427483487129	1.0046724551177
70.1836489439011	63	0	13.7611	303.832045426571	0.994321160950661	1.00467437660933
70.1854280233383	772	0	8.28509	303.634014208586	0.994303441319466	1.00467469684362
70.1872069835663	347	0	11.6099	303.435996259913	0.994285722875595	1.00467501705647
70.2121160030365	664	1	9.66689	300.663346899123	0.994037629041672	1.00467950067997
70.2156739234924	200	0	13.5328	300.39672553299	0.994019218902588	1.00467601768494
70.2156739234924	464	0	11.1499	300.39672553299	0.994019218902588	1.00467601768494
70.2245699167252	195	2	13.6976	300.875110059958	0.994123835783005	1.00463082603931
70.2299069166183	223	0	13.4205	301.162108723574	0.994186598901749	1.00460371407986
70.2388029098511	329	0	12.0947	301.640493250542	0.994291215782166	1.00455852243423
70.251256942749	390	2	11.5661	302.310212356758	0.994437675209045	1.00449525594711
70.263710975647	301	0	12.0019	302.979931462975	0.994584134635925	1.00443198945999
70.2708280086517	148	0	13.3885	303.362651905575	0.994667830944061	1.00439583493233
70.2725960016251	461	0	10.6868	303.457726222754	0.994688622541428	1.00438685352802
70.2725960016251	130	0	13.5602	303.457726222754	0.994688622541428	1.00438685352802
70.2726069688797	203	0	12.8752	303.458315989943	0.994688751516342	1.00438679781437
70.274374961853	47	0	13.914	303.553390307121	0.994709543113708	1.00437781641006
70.274374961853	668	0	8.93816	303.553390307121	0.994709543113708	1.00437781641006
70.2743859291077	142	0	13.026	303.55398007431	0.994709672088623	1.00437776069641
70.2743859291077	74	0	13.6567	303.55398007431	0.994709672088623	1.00437776069641
70.276153922081	392	2	10.9133	303.649054391489	0.994730463685989	1.00436877929211
70.2761659622192	171	0	12.7644	303.649701853294	0.994730605278015	1.0043687181282
70.2779330015182	78	0	13.619	303.74472488637	0.994751385660171	1.00435974156857
70.2779330015182	488	0	10.1852	303.74472488637	0.994751385660171	1.00435974156857
70.2779449224472	183	0	12.6575	303.745365937662	0.994751525850296	1.00435968101025
70.2779449224472	743	0	8.46237	303.745365937662	0.994751525850296	1.00435968101025
70.2779449224472	257	0	12.0145	303.745365937662	0.994751525850296	1.00435968101025
70.2797129154205	147	0	12.9806	303.840440254841	0.994772317447662	1.00435069960594
70.2797129154205	297	0	11.6787	303.840440254841	0.994772317447662	1.00435069960594
70.2797129154205	262	0	11.9721	303.840440254841	0.994772317447662	1.00435069960594
70.2797240018845	399	0	10.8587	303.841036432543	0.994772447824478	1.00435064328671
70.2797240018845	533	0	9.8592	303.841036432543	0.994772447824478	1.00435064328671
70.2797240018845	42	0	13.9621	303.841036432543	0.994772447824478	1.00435064328671
70.2797240018845	251	0	12.0656	303.841036432543	0.994772447824478	1.00435064328671
70.2797240018845	134	0	13.0989	303.841036432543	0.994772447824478	1.00435064328671
70.2814919948578	378	0	11.0233	303.936110749722	0.994793239421844	1.0043416618824
70.2814919948578	396	0	10.8821	303.936110749722	0.994793239421844	1.0043416618824
70.2814919948578	158	0	12.8812	303.936110749722	0.994793239421844	1.0043416618824
70.2815029621124	558	0	9.68224	303.936700516911	0.994793368396759	1.00434160616875
70.2815029621124	306	0	11.6042	303.936700516911	0.994793368396759	1.00434160616875
70.2850499153137	499	0	10.1046	304.127438918457	0.994835080566406	1.00432358764648
70.2850499153137	326	1	11.4402	304.127438918457	0.994835080566406	1.00432358764648
70.2850499153137	169	0	12.7823	304.127438918457	0.994835080566406	1.00432358764648
70.286828994751	227	0	12.2718	304.223109413338	0.994856002540588	1.00431454992294
70.286828994751	326	0	11.4402	304.223109413338	0.994856002540588	1.00431454992294
70.3348659276962	29	0	14.0982	306.80630893281	0.995420916872024	1.00407052230358
70.3490989208221	292	0	12.0966	307.571692123394	0.995588296871185	1.0039982186985
70.3615529537201	130	0	13.5782	308.24141122961	0.995734756298065	1.00393495221138
70.3900189399719	154	0	14.1481	309.772177610779	0.996069516296387	1.00379034500122
70.3953559398651	163	0	14.0561	310.059176274395	0.996132279415131	1.00376323304176
70.4006940126419	323	0	12.5035	310.346232632628	0.996195055150986	1.00373611563206
70.4006940126419	444	1	11.4313	310.346232632628	0.996195055150986	1.00373611563206
70.4309389591217	61	0	15.9441	311.972663098164	0.996550735721588	1.00358247130394
70.4611840248108	227	0	14.2385	313.599099974213	0.996906417694092	1.00342882637024
70.4629629850388	125	0	15.3477	313.69476405858	0.996927338266373	1.00341978925228
70.4718589782715	340	0	13.091	314.173148585548	0.99703195514679	1.00337459760666
70.4967669248581	607	0	10.5129	315.512580387468	0.997324872598648	1.003248065238
70.5003249645233	402	0	12.2478	315.703914966717	0.997366715145111	1.0032299903965
70.5252329111099	47	0	15.6985	317.043346768637	0.99765963259697	1.00310345802784
70.5341279506683	135	0	14.63	317.521680011501	0.997764238262176	1.00305827122688
70.5394660234451	484	0	11.3623	317.808736369734	0.997827013998032	1.00303115381718
70.5448030233383	154	0	14.4336	318.09573503335	0.997889777116776	1.00300404185772
70.5608149766922	628	0	10.1615	318.956782308302	0.998078077688217	1.00292270113468
70.5697109699249	230	0	13.5807	319.43516683527	0.998182694568634	1.00287750948906
70.5714899301529	279	0	13.0397	319.530830919638	0.998203615140915	1.0028684723711
70.589280962944	49	0	15.3411	320.48754868947	0.998412837686539	1.00277809392452
70.6230850219727	516	2	10.898	322.305371428871	0.998810373420715	1.00260636930466
70.6355389356613	267	2	12.9896	322.975084124575	0.998956831445694	1.00254310342312
70.6373180150986	432	0	11.5447	323.070754619455	0.998977753419876	1.00253406569958
70.6604470014572	294	0	12.7052	324.314522337008	0.999249750299454	1.00241657044888
70.6871339082718	296	0	12.6289	325.749618223295	0.999563588323593	1.00228100096226
70.7191579341888	160	0	13.8657	327.063701908684	0.999789276828766	1.00215920568943
70.7262749671936	108	0	14.3735	326.766028871765	0.999621314849854	1.00219123233795
70.73694896698	269	0	12.8717	326.31958413414	0.999369408454895	1.00223926533699
70.7529619932175	852	0	8.45656	325.649832266026	0.99899150103569	1.00231132395506
70.7849860191345	545	0	10.6115	324.310413291473	0.998235734024048	1.00245543207169
70.7867649793625	300	0	12.6513	324.236007497196	0.998193750562668	1.00246343739271
70.7885439395905	153	0	14.03	324.161601702919	0.998151767101288	1.00247144271374
70.7903230190277	169	0	13.8741	324.087190922661	0.998109780826569	1.00247944857121
70.7921019792557	587	0	10.2929	324.012785128384	0.998067797365189	1.00248745389223
70.8009979724884	407	2	11.7216	323.640706297188	0.997857851924896	1.00252748586178
70.8027769327164	287	0	12.7684	323.566300502911	0.997815868463516	1.0025354911828
70.8081150054932	208	0	13.5423	323.343033260269	0.997689889945984	1.0025595125103
70.8152309656143	663	0	9.76169	323.045405097179	0.997521953287125	1.00259153433084
70.8170099258423	388	0	11.9157	322.970999302902	0.997479969825745	1.00259953965187
70.8170099258423	298	0	12.7069	322.970999302902	0.997479969825745	1.00259953965187
70.8187899589539	281	0	12.8613	322.896548634796	0.997437961044311	1.00260754980087
70.8205689191818	344	2	12.297	322.822142840519	0.997395977582932	1.0026155551219
70.8454759120941	174	0	13.9213	321.780396902885	0.996808172550201	1.00272763659
70.8508139848709	86	0	14.8047	321.557129660244	0.996682194032669	1.0027516579175
70.8508139848709	52	0	15.158	321.557129660244	0.996682194032669	1.0027516579175
70.8579299449921	370	0	12.1581	321.259501497154	0.99651425737381	1.00278367973804
70.87038397789	302	0	12.7663	320.738606091423	0.996220342197418	1.00283972288609
70.9095249176025	152	0	14.3562	319.101519065933	0.995296616020203	1.00301585711479
70.9237579107285	381	1	12.1797	318.506217865925	0.994960717382431	1.00307990558386
70.9255369901657	362	0	12.4243	318.431807085667	0.994918731107712	1.00308791144133
70.9273170232773	239	0	13.5815	318.357356417561	0.994876722326279	1.00309592159033
70.9486659765244	296	2	13.1298	317.464427054462	0.994372887029648	1.00319199187994
70.9611200094223	297	0	13.1203	316.943531648731	0.994078971853256	1.00324803502798
70.9664570093155	102	0	15.098	316.720309279919	0.993953018655777	1.0032720515275
70.9664570093155	793	0	9.08318	316.720309279919	0.993953018655777	1.0032720515275
70.9789109230042	243	0	13.7643	316.199418860168	0.993659106292725	1.0033280941391
70.9913649559021	360	0	12.6335	315.678523454437	0.993365191116333	1.00338413728714
70.9931439161301	251	0	13.6843	315.60411766016	0.993323207654953	1.00339214260817
70.9967029094696	288	0	13.452	315.455261197777	0.99323921541214	1.00340815807819
71.0251690149307	267	0	13.8227	314.264653811779	0.992567415323257	1.00353625555277
71.0482969284058	204	0	14.6909	313.297318654404	0.992021596565247	1.00364033116341
71.0482969284058	574	0	11.0985	313.297318654404	0.992021596565247	1.00364033116341
71.0554139614105	283	0	13.8469	312.999645617485	0.991853634586334	1.00367235781193
71.0892180204391	126	0	15.2031	311.585775974827	0.991055858793259	1.00382447607756
71.105229973793	519	0	11.0721	310.916068980541	0.990677976694107	1.00389652986765
71.1159039735794	158	0	14.1072	310.469624242916	0.990426070299149	1.00394456286669
71.117684006691	198	0	13.703	310.39517357481	0.990384061517715	1.00395257301569
71.1247999668121	146	1	14.2304	310.09754541172	0.990216124858856	1.00398459483623
71.1265789270401	650	0	9.79721	310.023139617443	0.990174141397476	1.00399260015726
71.1461499929428	149	0	13.8055	309.204571174793	0.989712264242172	1.00408066995382
71.153265953064	291	0	12.4595	308.906943011704	0.989544327583313	1.00411269177437
71.1550449132919	188	0	13.424	308.832537217426	0.989502344121933	1.00412069709539
71.1728370189667	454	0	10.757	308.088374569054	0.989082450428009	1.00420076157093
71.1870700120926	535	1	9.85335	307.493073369045	0.988746551790237	1.00426481004
71.1888489723206	624	0	9.23715	307.418667574768	0.988704568328857	1.00427281536102
71.1959649324417	159	0	12.8821	307.121039411678	0.988536631669998	1.00430483718157
71.1977449655533	418	0	10.7206	307.046588743572	0.988494622888565	1.00431284733057
71.2013030052185	352	0	11.2393	306.897772169037	0.988410653152466	1.00432885850906
71.2084189653397	295	0	11.7047	306.600144005947	0.988242716493607	1.00436088032961
71.2262109518051	227	0	12.2815	306.718911839092	0.988330004110336	1.00445679359674
71.2422230243683	288	0	11.763	307.269700555224	0.988669460048676	1.00455126482487
71.252897977829	361	0	11.5091	307.63690123385	0.988895769062042	1.00461424705029
71.2546769380569	189	0	13.0218	307.698094512618	0.988933483018875	1.00462474291563
71.2706890106201	114	0	13.7325	308.24888322875	0.989272938957214	1.00471921414375
71.288479924202	423	0	11.3121	308.860861123049	0.98965010632515	1.00482418053389
71.2902590036392	204	0	13.2701	308.922058502419	0.989687822809219	1.00483467710257
71.3044929504395	233	0	12.995	309.411682643995	0.989989582481384	1.00491865738869
71.3098299503326	55	0	15.1946	309.595266580901	0.99010272687912	1.00495014568806
71.3133879899979	154	0	14.1481	309.717657239039	0.990178157320023	1.00497113812208
71.3187259435654	383	0	11.9611	309.901273980758	0.990291321935654	1.00500263204813
71.3187259435654	233	0	13.3575	309.901273980758	0.990291321935654	1.00500263204813
71.3205050230026	184	0	13.8433	309.962471360128	0.990329038419724	1.00501312861681
71.3222839832306	443	0	11.4398	310.023664638896	0.990366752376556	1.00502362448215
71.3365029096603	363	0	12.4474	310.512772104662	0.990668193616867	1.00510751614809
71.3365169763565	740	0	9.36459	310.513255975659	0.990668491830826	1.0051075991416
71.3382959365845	216	0	13.8806	310.574449254427	0.990706205787659	1.00511809500694
71.3382959365845	44	0	15.736	310.574449254427	0.990706205787659	1.00511809500694
71.3400609493256	555	0	10.7752	310.635162762799	0.99074362405777	1.00512850858212
71.3400609493256	438	1	11.7679	310.635162762799	0.99074362405777	1.00512850858212
71.3489569425583	281	0	13.23	310.941170162656	0.990932219114304	1.00518099494219
71.3560730218887	41	0	15.7701	311.185951478932	0.991083079996109	1.00522297981024
71.3614109754562	585	0	10.5334	311.369568220651	0.99119624461174	1.00525447373629
71.3614109754562	319	2	12.8621	311.369568220651	0.99119624461174	1.00525447373629
71.3631899356842	270	0	13.3382	311.430761499419	0.991233958568573	1.00526496960163
71.3631899356842	68	0	15.4652	311.430761499419	0.991233958568573	1.00526496960163
71.3649690151215	334	0	12.7194	311.491958878789	0.991271675052643	1.00527546617031
71.3720849752426	252	0	13.8499	311.736736094463	0.991422533407211	1.00531745033503
71.3792020082474	174	0	14.6748	311.981550215552	0.991573414506912	1.00535944082975
71.3792020082474	325	0	13.1148	311.981550215552	0.991573414506912	1.00535944082975
71.391655921936	311	0	13.2531	312.409944172945	0.991837437477112	1.00543291892052
71.4005509614944	526	0	11.5143	312.715918767989	0.99202601231575	1.00548539965391
71.405888915062	179	0	14.9671	312.899535509708	0.992139176931381	1.00551689357996
71.405888915062	897	0	8.65475	312.899535509708	0.992139176931381	1.00551689357996
71.4076679944992	282	0	13.8573	312.960732889078	0.992176893415451	1.00552739014864
71.4130049943924	735	2	9.80559	313.144316825984	0.992290037813187	1.00555887844801
71.4219009876251	98	0	15.8928	313.450324225841	0.99247863286972	1.00561136480808
71.4325759410858	172	0	14.8278	313.817524904466	0.992704941883087	1.0056743470335
71.4325759410858	105	0	15.5736	313.817524904466	0.992704941883087	1.0056743470335
71.436133980751	289	1	13.5985	313.939915562603	0.99278037232399	1.00569533946753
71.4414709806442	307	0	13.4174	314.123499499509	0.992893516721725	1.0057268277669
71.4557049274445	194	0	14.4126	314.613123641086	0.99319527639389	1.00581080805302
71.4557049274445	206	0	14.2868	314.613123641086	0.99319527639389	1.00581080805302
71.4610419273376	66	0	15.8134	314.796707577991	0.993308420791626	1.00584229635239
71.4645999670029	162	0	14.7526	314.919098236129	0.993383851232529	1.00586328878641
71.4734959602356	263	1	13.702	315.225105635986	0.993572446289062	1.00591577514648
71.4806119203568	62	0	15.859	315.46988285166	0.993723304643631	1.0059577593112
71.4823919534683	25	0	16.1006	315.531113035843	0.993761041345596	1.00596826150656
71.4841709136963	233	0	13.8648	315.592306314611	0.993798755302429	1.0059787573719
71.4859499931335	627	2	10.3564	315.653503693981	0.993836471786499	1.00598925394058
71.4877289533615	118	2	15.0666	315.714696972749	0.993874185743332	1.00599974980593
71.4895079135895	277	2	13.427	315.775890251517	0.993911899700165	1.00601024567127
71.5108579397202	233	0	13.7437	316.510295709369	0.994364520254135	1.00613621082544
71.5215319395065	576	0	10.6826	316.877463583181	0.994590809049606	1.00619918742418
71.5268700122833	525	0	11.0951	317.061084425502	0.994703976192474	1.00623068205357
71.537544965744	227	0	13.8034	317.428285104127	0.994930285205841	1.00629366427898
71.5446609258652	91	0	15.0934	317.673062319801	0.99508114356041	1.0063356484437
71.573126912117	315	0	12.776	318.652244993327	0.995684622468948	1.00650359776258
71.582023024559	326	0	12.6749	318.958256493785	0.995873220052719	1.00655608482599
71.6425129175186	450	0	11.4748	321.039008398373	0.997155605783463	1.00691297519445
71.6425129175186	133	0	14.3908	321.039008398373	0.997155605783463	1.00691297519445
71.6425129175186	289	0	12.8856	321.039008398373	0.997155605783463	1.00691297519445
71.6709799766541	81	0	14.8562	322.018227977314	0.997759107437134	1.00708093084335
71.672758936882	372	0	12.0934	322.079421256082	0.997796821393967	1.0070914267087
71.6923289299011	700	0	9.50101	322.752596529751	0.998211705245972	1.00720688966751
71.719015955925	208	0	13.5423	323.481824825325	0.998663346345425	1.00732927252293
71.7350279092789	178	0	13.8308	323.300067378502	0.998559909126759	1.00728764144421
71.7474819421768	685	0	9.60588	323.158697167625	0.998479456074238	1.00725526095867
71.751039981842	181	0	13.8018	323.118308578491	0.998456471138001	1.00724601005554
71.765272974968	159	0	14.0162	322.956744749641	0.998364526002407	1.00720900427341
71.7759479284286	163	0	13.977	322.835569509926	0.998295565803051	1.00718124939442
71.7812860012054	128	2	14.3229	322.77497512413	0.998261081852913	1.0071673704052
71.7848439216614	277	0	12.8978	322.734587888184	0.998238097686768	1.00715811981201
71.7901809215546	237	0	13.2682	322.674005681076	0.998203620667458	1.00714424361229
71.7919609546661	278	0	12.8887	322.653799884415	0.998192121653557	1.0071396155262
71.7919609546661	372	0	12.0532	322.653799884415	0.998192121653557	1.0071396155262
71.8061939477921	176	0	13.9018	322.492236055565	0.998100176517963	1.00710260974407
71.8257639408112	444	0	11.4819	322.270090019608	0.99797375436306	1.00705172776222
71.8346599340439	113	0	14.5289	322.169108397865	0.997916286246777	1.00702859817982
71.8382179737091	163	0	14.0293	322.128719808731	0.997893301310539	1.00701934727669
71.8399969339371	349	0	12.2946	322.108526190758	0.997881809227467	1.00701472198009
71.8453339338303	112	0	14.5391	322.04794398365	0.997847332208157	1.00700084578037
71.8560090065002	648	0	9.897	321.926767390747	0.997778371238708	1.00697309059143
71.8577879667282	221	0	13.4676	321.906573772774	0.997766879155636	1.00696846529484
71.88625395298	290	0	12.8241	321.583446115074	0.997582988884449	1.00689445373058
71.8880339860916	261	0	13.0913	321.563240318413	0.997571489870548	1.00688982564449
71.8880339860916	182	0	13.8432	321.563240318413	0.997571489870548	1.00688982564449
71.9058250188828	698	0	9.57115	321.361287900429	0.997456559798718	1.00684356895924
71.9182789325714	113	0	14.5939	321.21991904274	0.997376107516289	1.00681118878365
71.9218369722366	149	0	14.23	321.179530453606	0.997353122580051	1.00680193788052
71.9253950119019	55	0	15.1961	321.139141864471	0.997330137643814	1.00679268697739
71.9325119256973	186	0	13.8638	321.05835521389	0.997284162380695	1.00677418300152
71.9414079189301	252	0	13.23	320.957373592148	0.997226694264412	1.00675105341911
71.9467449188232	209	0	13.6401	320.89679138504	0.997192217245102	1.00673717721939
71.9520819187164	57	0	15.175	320.836209177933	0.997157740225792	1.00672330101967
71.953861951828	377	0	12.0969	320.816003381271	0.997146241211891	1.00671867293358
71.9591989517212	192	0	13.8051	320.755421174164	0.997111764192581	1.00670479673386
71.9627569913864	402	0	11.8806	320.71503258503	0.997088779256344	1.00669554583073
71.9734319448471	37	0	15.387	320.593857345314	0.997019819056988	1.00666779095173
71.9769899845123	105	0	14.6758	320.55346875618	0.99699683412075	1.0066585400486
71.9912229776382	208	0	13.7172	320.39190492733	0.996904888985157	1.00662153426647
71.9930019378662	330	0	12.5708	320.371711309357	0.996893396902084	1.00661690896988
72.0072349309921	268	0	13.1428	320.210147480507	0.996801451766491	1.00657990318775
72.0268059968948	578	0	10.4947	319.987989265862	0.996675022680759	1.0065290184164
72.0392599105835	564	0	10.6031	319.846620408173	0.996594570398331	1.00649663824081
72.0428179502487	186	0	13.9331	319.806231819038	0.996571585462093	1.00648738733768
72.0463759899139	132	0	14.4748	319.765843229904	0.996548600525856	1.00647813643455
72.0606089830399	134	1	14.4545	319.604279401054	0.996456655390263	1.00644113065243
72.0748419761658	176	0	14.1138	319.442715572205	0.996364710254669	1.0064041248703
72.0784009695053	86	0	15.0408	319.40231615757	0.996341719157696	1.00639487148762
72.0837379693985	428	0	11.77	319.341733950462	0.996307242138386	1.0063809952879
72.1033089160919	387	0	12.1267	319.119577089005	0.996180813822746	1.00633011082649
72.1068669557571	342	0	12.5291	319.07918849987	0.996157828886509	1.00632085992336
72.1068669557571	261	0	13.2823	319.07918849987	0.996157828886509	1.00632085992336
72.1086459159851	519	1	11.0115	319.058994881897	0.996146336803436	1.00631623462677
72.133553981781	107	0	14.8201	318.776254460144	0.995985430698395	1.0062514736557
72.1406699419022	160	0	14.275	318.695478635063	0.995939461596012	1.00623297215939
72.1424499750137	526	0	10.955	318.675272838402	0.995927962582111	1.0062283440733
72.1477869749069	618	1	10.2369	318.614690631294	0.995893485562801	1.00621446787357
72.1566829681396	685	0	9.74174	318.513709009552	0.995836017446518	1.00619133829117
72.1620199680328	472	0	11.4631	318.453126802444	0.995801540427208	1.00617746209145
72.2064979076385	236	0	13.6109	317.948241697922	0.995514212937355	1.00606181944847
72.2100559473038	151	0	14.4645	317.907853108788	0.995491228001118	1.00605256854534
72.2118359804153	433	0	11.796	317.887647312126	0.995479728987217	1.00604794045925
72.2118359804153	119	0	14.7972	317.887647312126	0.995479728987217	1.00604794045925
72.2118359804153	614	0	10.3214	317.887647312126	0.995479728987217	1.00604794045925
72.2296270132065	349	0	12.5424	317.826289506445	0.995433178641796	1.0060397052598
72.2296270132065	105	0	14.9447	317.826289506445	0.995433178641796	1.0060397052598
72.2296270132065	414	0	11.9614	317.826289506445	0.995433178641796	1.0060397052598
72.2349640130997	518	0	11.0812	317.816623559198	0.995423465301991	1.0060395985198
72.2491970062256	33	0	15.7225	317.790845900688	0.995397561254501	1.00603931385994
72.2563139200211	118	2	14.8077	317.777956315775	0.995384608471394	1.00603917152166
72.2634309530258	334	0	12.68	317.765066514959	0.995371655471325	1.006039029181
72.2652099132538	66	0	15.362	317.761844604511	0.99536841776371	1.0060389936018
72.281221985817	600	1	10.4291	317.732844819651	0.995339275791645	1.00603867336035
72.2865589857101	413	0	11.9701	317.723178872404	0.995329562451839	1.00603856662035
72.3168039321899	127	0	14.7134	317.668401644936	0.995274516649246	1.00603796172142
72.3168039321899	52	0	15.5141	317.668401644936	0.995274516649246	1.00603796172142
72.3185839653015	242	0	13.5522	317.665177791367	0.995271276988983	1.00603792612076
72.3256999254227	475	0	11.4378	317.652289933672	0.995258325941563	1.00603778380156
72.3381539583206	854	0	8.63212	317.62973418561	0.995235659601688	1.0060375347209
72.3452709913254	127	0	14.7134	317.616844384794	0.99522270660162	1.00603739238024
72.3595039844513	32	0	15.7335	317.591066726284	0.995196802554131	1.00603710772038
72.3772950172424	213	0	13.8376	317.558845030975	0.995164422874451	1.00603675189972
72.3879699707031	716	0	9.56759	317.539511409264	0.995144994459152	1.00603653840065
72.4129710197449	734	0	9.49364	317.494231509323	0.995099492549896	1.00603603837967
72.4183080196381	128	0	14.8207	317.484565562077	0.995089779210091	1.00603593163967
72.4467740058899	41	0	15.7652	317.433010245056	0.995037971115112	1.00603536231995
72.4645649194717	235	0	13.7239	317.40078876565	0.995005591652393	1.00603500650167
72.4930310249329	195	0	14.1257	317.349233232727	0.994953783340454	1.00603443717957
72.4930310249329	164	0	14.4438	317.349233232727	0.994953783340454	1.00603443717957
72.4965889453888	117	0	14.9375	317.342789411831	0.994947307925224	1.00603436602116
72.498368024826	220	0	13.8734	317.339567285481	0.994944070000649	1.00603433043957
72.5054839849472	315	0	12.9494	317.326679427786	0.994931118953228	1.00603418812037
72.5214959383011	118	0	14.9269	317.297679858828	0.994901977198124	1.0060338678813
72.5250539779663	180	0	14.2789	317.291235822029	0.994895501565933	1.0060337967205
72.5321710109711	986	0	7.86121	317.278346021214	0.994882548565865	1.00603365437984
72.5588569641113	273	0	13.3512	317.230014557762	0.994833980131149	1.00603312066078
72.5659739971161	54	2	15.621	317.217124756947	0.994821027131081	1.00603297832012
72.5997759103775	162	0	14.4645	317.155905435801	0.994759507648945	1.00603230228186
72.6033350229263	214	0	13.9336	317.149459455881	0.994753030064106	1.00603223109961
72.6175669431686	239	0	13.6842	317.123683740492	0.994727127969265	1.0060319464612
72.6211259365082	410	0	12.079	317.117237976475	0.994720650601387	1.00603187528133
72.6353579759598	201	0	14.0648	317.091462045183	0.994694748289585	1.00603159064054
72.6371380090714	275	0	13.3318	317.088238191614	0.994691508629322	1.00603155503988
72.6406959295273	109	0	15.0229	317.081794370718	0.994685033214092	1.00603148388147
72.6620450019836	149	0	14.5999	317.043128638611	0.994646177902222	1.00603105690002
72.6691609621048	421	0	11.9817	317.030240780916	0.994633226854801	1.00603091458082
72.6887309551239	29	0	15.8993	316.994797175159	0.994597609467506	1.00603052318096
72.6905109882355	335	1	12.7617	316.99157332159	0.994594369807243	1.0060304875803
72.708300948143	62	0	15.5329	316.959353569403	0.994561992080212	1.0060301317811
72.7100809812546	241	0	13.6644	316.956129715834	0.994558752419949	1.00603009618044
72.7100809812546	265	0	13.4289	316.956129715834	0.994558752419949	1.00603009618044
72.718976020813	69	0	15.456	316.944481336136	0.994557845153809	1.00608319994926
72.7332090139389	328	0	12.8271	316.93424496748	0.99458517250061	1.00626851351976
72.7367669343948	916	0	8.28357	316.931686111088	0.994592003707886	1.0063148376441
72.7456629276276	192	0	14.1562	316.925288112755	0.994609084014893	1.00643066347599
72.7598949670792	98	2	15.141	316.915052429981	0.99463640953064	1.00661596462965
72.7634539604187	781	0	9.16522	316.912492801971	0.994643242797852	1.00666230272293
72.7936979532242	174	0	14.3405	316.890741322346	0.994701311264038	1.00705607950926
72.8025939464569	82	0	15.3142	316.884343324013	0.994718391571045	1.00717190534115
72.8132679462433	305	0	13.0441	316.876666583366	0.994738885650635	1.00731088081837
72.8186060190201	142	0	14.6732	316.872827441425	0.994749134750366	1.00738038252592
72.8381760120392	443	0	11.789	316.858752702446	0.994786709136963	1.00763518383503
72.8524079322815	57	0	15.5879	316.848517105408	0.994814034423828	1.00782048343658
72.8737579584122	85	0	15.2816	316.833162166615	0.994855026473999	1.00809846077681
72.9093400239944	384	0	12.312	316.807571545048	0.994923344039917	1.00856173927069
72.9128979444504	501	0	11.2943	316.805012688656	0.994930175247192	1.00860806339502
72.9164559841156	224	0	13.8334	316.802453746529	0.99493700668335	1.00865438907146
72.9182349443436	800	0	9.03566	316.801174318333	0.994940422286987	1.00867755113363
72.9324679374695	204	0	14.0344	316.790937949677	0.994967749633789	1.00886286470413
72.9555959701538	154	0	14.5477	316.77430426857	0.995012155456543	1.00916399168968
72.9662709236145	458	0	11.6592	316.766626842041	0.995032651367188	1.00930297958374
72.994735956192	354	0	12.5857	316.746154790611	0.995087304229736	1.0096735943079
72.9982949495316	292	2	13.1681	316.743595162601	0.995094137496948	1.00971993240118
73.028538942337	780	0	9.17209	316.721843682976	0.995152205963135	1.01011370918751
73.028538942337	80	0	15.3359	316.721843682976	0.995152205963135	1.01011370918751
73.0463299751282	303	0	13.0631	316.709048372192	0.995186364746094	1.01034534843445
73.0623419284821	112	0	14.9908	316.69753257534	0.995217107696533	1.01055382406712
73.0694589614868	395	0	12.213	316.692414005203	0.995230772399902	1.01064648783684
73.0890289545059	550	2	10.8911	316.678339266224	0.995268346786499	1.01090128914595
73.0943659543991	245	0	13.6249	316.674500895901	0.995278593826294	1.01097077688456
73.0979239940643	62	0	15.5329	316.671941953774	0.995285425262451	1.011017102561
73.110377907753	76	0	15.3795	316.662985099049	0.995309336776733	1.01117925251722
73.1228309869766	277	0	13.3125	316.654028844471	0.995333246688843	1.01134139160872
73.1637510061264	34	0	15.8433	316.624599166698	0.99541181312561	1.01187417025805
73.2117859125137	491	0	11.3782	316.590052462025	0.995504040145874	1.01249958473921
73.2242399454117	585	0	10.6112	316.573888399112	0.995456705329418	1.0124378986311
73.2331359386444	798	0	9.04921	316.560633191276	0.995405998167992	1.01234075438499
73.2402520179749	532	0	11.0377	316.550030090752	0.995365436515808	1.01226304679871
73.2420309782028	102	0	15.098	316.547379404433	0.995355296442509	1.01224362055302
73.2633799314499	171	0	14.3714	316.515569037116	0.995233607409	1.01201048998356
73.2865079641342	197	0	14.232	316.481107805855	0.9951017776227	1.01175793186665
73.3114159107208	667	0	10.0499	316.443994467282	0.994959802327156	1.01148593708992
73.314973950386	287	0	13.3292	316.43869291702	0.994939521501064	1.01144708329678
73.3238699436188	541	0	11.0452	316.425437709184	0.994888814339638	1.01134993905067
73.325649023056	509	0	11.3122	316.422786845241	0.994878673586845	1.01133051150322
73.3416609764099	452	2	11.8023	316.398928714504	0.994787405452728	1.0111556609726
73.3416609764099	28	0	16.0664	316.398928714504	0.994787405452728	1.0111556609726
73.3541139364243	35	0	15.9867	316.380373555024	0.994716423580646	1.01101967464924
73.3665679693222	351	0	12.7175	316.361816796925	0.994645435593128	1.01088367660999
73.3683469295502	117	0	15.0774	316.359166110606	0.994635295519829	1.0108642503643
73.3808009624481	33	0	16.0095	316.340609352508	0.994564307532311	1.01072825232506
73.3896960020065	177	2	14.4396	316.327355565665	0.994513605806828	1.01063111849308
73.4234989881516	410	1	12.1755	316.276988440249	0.994320928785801	1.01026198988438
73.4252779483795	354	0	12.6894	316.27433775393	0.994310788712502	1.01024256363869
73.4252779483795	331	0	12.906	316.27433775393	0.994310788712502	1.01024256363869
73.4501860141754	403	0	12.2387	316.237224237733	0.994168812737465	1.0099705675602
73.4519649744034	700	0	9.80356	316.234573551414	0.994158672664165	1.00995114131451
73.4644179344177	308	0	13.1257	316.216018391933	0.994087690792084	1.00981515499115
73.4715329408646	374	0	12.5037	316.205416890028	0.994047135255337	1.00973745912075
73.4857659339905	253	0	13.6643	316.18420944561	0.993966007194519	1.00958203483582
73.4928820133209	590	0	10.6477	316.173606345086	0.993925445542336	1.00950432724953
73.4946609735489	312	0	13.0873	316.170955658767	0.993915305469036	1.00948490100384
73.5017780065536	142	0	14.8088	316.160351137249	0.993874738380909	1.00940718300343
73.5053359270096	106	0	15.1969	316.155049764612	0.99385445823431	1.00936833051205
73.5320229530334	210	0	14.0985	316.115285562096	0.993702342185974	1.00907690818787
73.5480350255966	207	0	14.1292	316.091427253735	0.993611073372364	1.00890205635548
73.5551519393921	714	0	9.70082	316.080822909842	0.99357050696373	1.00882433965683
73.5587099790573	721	1	9.64985	316.07552135958	0.993550226137638	1.00878548586369
73.5622689723969	97	0	15.2952	316.070218388324	0.993529939875603	1.00874662165642
73.56760597229	114	0	15.1099	316.062266151743	0.993499518976212	1.00868834161758
73.5907349586487	85	0	15.4271	316.027803499489	0.993367683753967	1.00843577308655
73.6067469120026	473	1	11.6195	316.003945368752	0.99327641561985	1.00826092255592
73.6103049516678	202	0	14.1805	315.998643818491	0.993256134793758	1.00822206876278
73.6423289775848	507	0	11.3291	315.950927379394	0.993073597846031	1.00787236639977
73.6458879709244	318	2	13.0298	315.945624408138	0.993053311583996	1.0078335021925
73.6547830104828	52	0	15.7946	315.932370621295	0.993002609858513	1.00773636836052
73.6565619707108	62	0	15.6825	315.929719934976	0.992992469785213	1.00771694211483
73.6654579639435	153	0	14.6919	315.916464727139	0.992941762623787	1.00761979786873
73.6779119968414	263	0	13.565	315.897907969041	0.992870774636269	1.00748379982948
73.6796909570694	548	0	10.9876	315.895257282722	0.992860634562969	1.00746437358379
73.6868079900742	421	0	12.0768	315.884652761204	0.992820067474842	1.00738665558338
73.7081569433212	253	0	13.6643	315.852842393887	0.992698378441334	1.00715352501392
73.7188320159912	89	2	15.383	315.834932675848	0.992659053916931	1.00709166835785
73.7223899364471	414	0	12.1395	315.827822883401	0.992658200016022	1.0071021998024
73.7241690158844	63	0	15.6713	315.824267748961	0.992657773036957	1.00710746587753
73.7401819229126	214	0	14.0576	315.792269156847	0.99265392993927	1.00715486408234
73.749076962471	314	2	13.0681	315.774494199297	0.992651795129776	1.00718119339943
73.749076962471	861	0	8.68391	315.774494199297	0.992651795129776	1.00718119339943
73.7544149160385	533	0	11.1114	315.763827366683	0.99265051402092	1.00719699374199
73.761530995369	197	0	14.232	315.749607305357	0.99264880616188	1.00721805733681
73.7633099555969	180	0	14.4083	315.746052409134	0.992648379211426	1.00722332305908
73.7650899887085	330	0	12.9154	315.742495368967	0.992647952003479	1.00722859195709
73.7899969816208	140	2	14.8302	315.69272372503	0.99264197432518	1.00730231665611
73.7899969816208	72	0	15.571	315.69272372503	0.99264197432518	1.00730231665611
73.7935559749603	237	0	13.8245	315.68561178864	0.992641120166779	1.0073128512764
73.7988929748535	480	0	11.5592	315.674946861753	0.992639839286804	1.00732864879608
73.8042299747467	171	2	14.5023	315.664281934867	0.99263855840683	1.00734444631577
73.8077889680862	151	0	14.7131	315.657169998476	0.992637704248428	1.00735498093605
73.8166840076447	203	0	14.1703	315.639395040927	0.992635569438934	1.00738131025314
73.8184629678726	869	0	8.63173	315.635840144703	0.99263514248848	1.00738657597542
73.8202430009842	555	0	10.9303	315.632283104536	0.992634715280533	1.00739184487343
73.8309170007706	225	0	13.9457	315.610953250763	0.992632153520584	1.0074234399128
73.8398129940033	417	0	12.1126	315.593176387486	0.992630018482208	1.00744977205276
73.8451499938965	525	0	11.178	315.5825114606	0.992628737602234	1.00746556957245
73.8469299077988	40	0	15.93	315.578954658649	0.992628310422897	1.0074708381176
73.861163020134	502	2	11.3714	315.55051263027	0.992624894475937	1.00751296813011
73.8736159801483	259	0	13.6047	315.525627880273	0.992621905765533	1.00754982889175
73.896744966507	64	0	15.8362	315.479409226832	0.992616354808807	1.00761829069138
73.9038619995117	474	0	11.7147	315.465187259779	0.992614646720886	1.00763935710907
73.9198739528656	697	0	9.90214	315.433190573392	0.992610803852081	1.007686752491
73.9216529130936	197	0	14.3811	315.429635677168	0.992610376901627	1.00769201821327
73.9447820186615	127	0	15.1323	315.383416785512	0.99260482591629	1.00776048036575
73.9501190185547	199	0	14.3601	315.372751858625	0.992603545036316	1.00777627788544
73.9536769390106	490	0	11.575	315.365642066178	0.992602691135406	1.00778680932999
73.9554569721222	678	1	10.0456	315.362085026011	0.99260226392746	1.007792078228
73.9590150117874	278	1	13.5515	315.354974995348	0.99260140999794	1.00780261002541
73.9661309719086	606	2	10.6075	315.340755172238	0.992599702167511	1.00782367326736
73.9732480049133	463	1	11.8115	315.326533205185	0.99259799407959	1.00784473968506
73.9821439981461	174	0	14.6243	315.308756341908	0.992595859041214	1.00787107182503
73.983922958374	461	0	11.8292	315.305201445684	0.992595432090759	1.0078763375473
73.985701918602	178	0	14.5818	315.301646549461	0.992595005140305	1.00788160326958
73.9945969581604	101	0	15.4196	315.283871591911	0.992592870330811	1.00790793258667
74.0034929513931	378	2	12.5848	315.266094728634	0.992590735292435	1.00793426472664
74.0195050239563	90	0	15.5425	315.234097804031	0.99258689239502	1.00798166046143
74.0248429775238	148	0	14.9035	315.223430971417	0.992585611286163	1.00799746080399
74.030179977417	515	0	11.3599	315.212766044531	0.992584330406189	1.00801325832367
74.031958937645	134	0	15.0557	315.209211148307	0.992583903455734	1.00801852404594
74.0390759706497	202	0	14.3286	315.194989181254	0.992582195367813	1.00803959046364
74.0568670034409	125	0	15.1542	315.159437360427	0.992577925519943	1.0080922519207
74.0622049570084	280	0	13.5316	315.148770527813	0.992576644411087	1.00810805226326
74.0764379501343	484	1	11.6272	315.12032873765	0.992573228492737	1.00815018192291
74.0764379501343	190	0	14.4547	315.12032873765	0.992573228492737	1.00815018192291
74.1155779361725	103	0	15.3973	315.04211530355	0.992563834896088	1.00826603628159
74.1351490020752	153	0	14.8495	315.003006442556	0.992559137840271	1.00832396663666
74.1387069225311	177	0	14.5924	314.995896650109	0.992558283939362	1.00833449808121
74.165393948555	581	0	10.8094	314.942567966006	0.992551879053116	1.00841349167824
74.167172908783	125	0	15.1542	314.939013069782	0.992551452102661	1.00841875740051
74.1778479814529	191	0	14.4442	314.917681072066	0.99254889008522	1.00845035561562
74.1796269416809	728	0	9.6723	314.914126175842	0.992548463134766	1.00845562133789
74.1867439746857	452	0	11.9091	314.899904208789	0.992546755046844	1.00847668775558
74.1920809745789	353	2	12.8206	314.889239281902	0.99254547416687	1.00849248527527
74.197417974472	462	0	11.8204	314.878574355016	0.992544193286896	1.00850828279495
74.1991980075836	416	0	12.2337	314.875017314849	0.992543766078949	1.00851355169296
74.1991980075836	161	0	14.7634	314.875017314849	0.992543766078949	1.00851355169296
74.2027559280396	180	0	14.5605	314.867907522402	0.99254291217804	1.00852408313751
74.2045350074768	86	0	15.5874	314.864352387962	0.992542485198975	1.00852934921265
74.2134310007095	246	0	13.8742	314.846575524685	0.992540350160599	1.00855568135262
74.2223259210587	383	0	12.5381	314.824140120759	0.992449281802177	1.00858067185163
74.2418969869614	352	0	12.8301	314.772764507079	0.992210514798164	1.00863507941484
74.2543510198593	145	0	14.936	314.740071674399	0.992058575596809	1.0086697016263
74.266804933548	170	0	14.667	314.707379154654	0.991906637849808	1.00870432350636
74.2739210128784	512	1	11.3855	314.688698877125	0.991819821681976	1.00872410620689
74.2828170061111	239	0	13.9457	314.665346183209	0.991711290564537	1.00874883706808
74.300607919693	385	0	12.5194	314.618643611784	0.991494241418838	1.00879829580784
74.3272949457169	69	0	15.7794	314.548588033509	0.991168659701347	1.00887248574018
74.3326330184937	167	0	14.6991	314.534575165424	0.99110353521347	1.0088873255825
74.3361909389496	597	0	10.6798	314.525235339594	0.991060128583908	1.00889721660137
74.3557609319687	329	0	13.199	314.473862542319	0.990821374669075	1.00895162118196
74.3788899183273	665	0	10.2385	314.413147102809	0.9905392010355	1.00901591976404
74.3842269182205	245	2	14.0501	314.399137051129	0.990474089636803	1.00903075662374
74.3842269182205	468	0	11.8905	314.399137051129	0.990474089636803	1.00903075662374
74.3842269182205	774	0	9.42099	314.399137051129	0.990474089636803	1.00903075662374
74.400239944458	269	0	13.8022	314.357101576214	0.990278730716705	1.00907527283669
74.4020190238953	101	0	15.6191	314.352431350365	0.990257025947571	1.00908021867752
74.4215890169144	509	2	11.5275	314.30105855309	0.990018272032738	1.00913462325811
74.4251469373703	227	0	14.2385	314.29171872726	0.989974865403175	1.00914451427698
74.4393799304962	399	0	12.5248	314.254355981665	0.989801222887039	1.00918408199787
74.4891959428787	179	0	14.7517	314.12358496388	0.989193467535973	1.00932257051229
74.4927539825439	79	0	15.8713	314.114244825115	0.989150059452057	1.00933246186256
74.5016499757767	305	0	13.4375	314.0908921312	0.989041528334618	1.00935719272375
74.5123249292374	244	0	14.0605	314.062869524369	0.988911293902397	1.00938686909437
74.5194410085678	579	0	10.9314	314.04418924684	0.988824477734566	1.00940665179491
74.5514339208603	270	0	13.7919	313.96020529264	0.988434164204598	1.00949559209108
74.5887960195541	82	0	15.8367	313.8621267946	0.987978346600533	1.00959945872545
74.5905749797821	347	0	13.0226	313.857456881685	0.987956643285751	1.00960440423489
74.5923550128937	187	0	14.6651	313.852784152365	0.98793492688179	1.00960935272694
74.6154839992523	190	0	14.6327	313.792068712854	0.987652753248215	1.00967365130901
74.6314959526062	204	0	14.4825	313.750036054344	0.987457407417297	1.00971816453934
74.636834025383	331	0	13.1793	313.736023186259	0.98739228292942	1.00973300438166
74.638612985611	334	0	13.1498	313.731353273344	0.987370579614639	1.00973794989109
74.6777549982071	532	0	11.3284	313.628602358918	0.986893047060966	1.00984676468611
74.6848709583282	130	0	15.2917	313.609922394323	0.986806232347488	1.00986654705524
74.6866499185562	380	0	12.7047	313.605252481408	0.986784529032707	1.00987149256468
74.6902089118958	536	0	11.2941	313.595909839172	0.986741109313965	1.00988138656616
74.7008839845657	392	0	12.5908	313.567886919408	0.986610873427391	1.00991106326818
74.7062209844589	90	0	15.7448	313.553876867728	0.986545762028694	1.00992590012789
74.747141957283	213	0	14.5925	313.430779655588	0.98541116266489	1.01442786130428
74.7542589902878	709	1	10.004	313.408637569525	0.985184129312038	1.01541599016666
74.7613749504089	39	0	16.5972	313.386498821354	0.984957130184174	1.01640397006989
74.7684919834137	615	0	10.7546	313.364356735291	0.984730096831322	1.01739209893227
74.7933999300003	460	0	12.1097	313.286864626348	0.983935533335209	1.02085031823635
74.8111919164658	315	0	13.5173	313.231511265576	0.983367968966961	1.02332055763721
74.812970995903	197	1	14.7678	313.225976300375	0.983311216332912	1.02356756502628
74.8574500083923	39	0	16.5972	313.087595865459	0.981892335834503	1.0297430311203
74.8627879619598	66	0	16.2716	313.070988744597	0.9817220551157	1.03048415259361
74.8663460016251	547	0	11.3306	313.059919185073	0.981608553650379	1.03097815082073
74.8663460016251	87	1	16.0222	313.059919185073	0.981608553650379	1.03097815082073
74.8787999153137	182	0	14.9337	313.02117331604	0.981211273803711	1.03270725219727
74.880578994751	414	0	12.5413	313.01563835084	0.981154521169662	1.03295425958633
74.8841379880905	565	0	11.1754	313.004565824301	0.981040989282131	1.0334483902216
74.923278927803	157	0	15.2138	312.882792881124	0.979792393305302	1.03888271829128
74.9410709142685	679	0	10.2379	312.827439520352	0.979224828937054	1.04135295769215
74.9481879472733	160	0	15.18	312.805297434289	0.978997795584202	1.04234108655453
74.9553039073944	645	0	10.5093	312.783158686118	0.978770796456337	1.04332906645775
74.967759013176	128	0	15.5444	312.744409108317	0.978373478581905	1.04505833334446
74.9695379734039	197	0	14.7678	312.738874513993	0.978316729750633	1.04530532418251
74.9766539335251	212	0	14.6034	312.716735765822	0.978089730622768	1.04629330408573
74.9784339666367	201	0	14.7238	312.711197833607	0.978032947566509	1.04654044388294
74.9855499267578	296	0	13.7121	312.689059085436	0.977805948438644	1.04752842378616
74.9944459199905	444	0	12.2583	312.66138240505	0.97752216625452	1.0487635434866
74.9997839927673	585	1	11.0052	312.644774913311	0.977351881732941	1.04950468151093
75.0033419132233	298	0	13.6915	312.633705724664	0.977238384070396	1.04999866318703
75.010458946228	123	0	15.602	312.611563638601	0.977011350717545	1.05098679204941
75.0157959461212	126	0	15.5674	312.594959484754	0.976841100420952	1.05172778111458
75.0175750255585	138	0	15.4297	312.589424519553	0.976784347786903	1.05197478850365
75.0211329460144	332	0	13.345	312.578355330906	0.976670850124359	1.05246877017975
75.0335879325867	156	0	15.2251	312.539606123981	0.976273536052704	1.05419802051544
75.0353670120239	217	0	14.549	312.534071158781	0.976216783418655	1.05444502790451
75.0549379587173	623	0	10.4645	312.473183203685	0.975592470219135	1.05716225814343
75.0620539188385	168	0	14.74	312.451044455514	0.97536547109127	1.05815023804665
75.065612912178	335	0	13.0168	312.439971928976	0.975251939203739	1.05864436868191
75.0851830244064	218	0	14.2044	312.379086570017	0.974627652623653	1.0613614830637
75.1100919246674	270	0	13.6654	312.30159149406	0.97383305870533	1.06481983477592
75.1118710041046	162	0	14.8054	312.296056528859	0.973776306071281	1.06506684216499
75.1225459575653	262	0	13.7471	312.262845254149	0.973435775055885	1.06654895270348
75.1261039972305	140	0	15.0474	312.251775694625	0.973322273590565	1.0670429509306
75.1278829574585	225	0	14.1308	312.246241100302	0.973265524759293	1.06728994176865
75.145674943924	466	0	11.7924	312.19088773953	0.972697960391045	1.06976018116951
75.186595916748	64	0	15.9093	312.063576864138	0.971392581357956	1.07544164903641
75.1937129497528	133	0	15.1251	312.041434778075	0.971165548005104	1.07642977789879
75.2026079893112	161	0	14.8163	312.013761064703	0.970881796243191	1.07766476519108
75.2150629758835	76	0	15.7705	311.975338056576	0.970466558742523	1.07934901495457
75.2186210155487	476	2	11.7034	311.970978390574	0.969984373207092	1.07891735358238
75.2203999757767	122	0	15.2479	311.968798630607	0.969743288516998	1.07870153012753
75.2203999757767	120	0	15.2703	311.968798630607	0.969743288516998	1.07870153012753
75.2257369756699	282	0	13.5436	311.962259204638	0.969020018291473	1.07805404530048
75.2364119291306	51	0	16.0608	311.949179184163	0.96757334859848	1.07675895994663
75.2808920145035	181	0	14.5991	311.894677735555	0.961545407428741	1.07136263598919
75.2844499349594	642	0	10.3137	311.890318215621	0.961063238048553	1.07093098907948
75.3004620075226	277	0	13.5942	311.870698623109	0.958893281974792	1.06898840443611
75.3040210008621	75	0	15.782	311.86633778857	0.958410967197418	1.06855662736416
75.3057999610901	484	0	11.6326	311.864158028603	0.958169882507324	1.0683408039093
75.3075789213181	93	0	15.5756	311.861978268635	0.95792879781723	1.06812498045444
75.3146959543228	151	0	14.926	311.853257768095	0.956964297504425	1.06726154201031
75.3627330064774	323	0	13.1345	311.79439796809	0.950454316196442	1.06143368684292
75.3769669532776	145	0	14.9921	311.776957113075	0.948525331726074	1.05970682441711
75.3823039531708	534	0	11.1991	311.770417687106	0.947802061500549	1.05905933959007
75.385861992836	464	0	11.8103	311.766058021104	0.947319875965118	1.05862767821789
75.4214459657669	610	0	10.5689	311.722456979072	0.942497535953522	1.05431063062191
75.4250040054321	294	0	13.4227	311.71809731307	0.942015350418091	1.05387896924973
75.4285619258881	277	0	13.5942	311.713737793136	0.941533181037903	1.05344732234001
75.439236998558	107	0	15.4166	311.700657626593	0.940086495189667	1.05215222252369
75.441015958786	778	0	9.29421	311.698477866626	0.939845410499573	1.05193639906883
75.4499119520187	630	0	10.4087	311.687577606118	0.938639825496674	1.05085713716984
75.4570289850235	116	0	15.3152	311.678857105577	0.937675325183868	1.0499936987257
75.4677039384842	129	0	15.1696	311.665777085102	0.936228655490875	1.04869861337185
75.4677039384842	518	0	11.3362	311.665777085102	0.936228655490875	1.04869861337185
75.4694830179214	429	0	12.1273	311.663597179067	0.935987554645538	1.04848277545452
75.4872750043869	128	0	15.1808	311.641796658051	0.93357638463974	1.04632425165653
75.5086249113083	167	0	14.7509	311.6156366171	0.930683045253754	1.04373408094883
75.5228580236435	271	0	13.6552	311.598196784556	0.928754173870087	1.04200731976032
75.529974937439	340	0	12.9681	311.589476430082	0.927789689712524	1.04114389577866
75.5317540168762	340	0	12.9681	311.587296524048	0.927548588867187	1.04092805786133
75.5353119373322	210	0	14.289	311.582937004113	0.927066419487	1.04049641095161
75.5619999170303	334	0	13.0266	311.550236222589	0.923449664478302	1.03725862525463
75.6224650144577	789	0	9.02214	311.476148338711	0.915255434474945	1.02992299963474
75.6313610076904	878	0	8.43203	311.465248078203	0.914049849472046	1.02884373773575
75.6420350074768	192	0	14.1278	311.452169226265	0.912603309020996	1.02754876808167
75.6598269939423	759	1	9.2303	311.430368705249	0.910192139015198	1.02539024428368
75.6616059541702	61	0	15.5437	311.428188945282	0.909951054325104	1.02517442082882
75.6687219142914	370	0	12.3825	311.419469759345	0.908986699409485	1.02431111254692
75.6740599870682	202	1	14.0243	311.412929018772	0.908263283786774	1.02366349755764
75.6811759471893	82	0	15.309	311.404209832835	0.907298928871155	1.02280018927574
75.6954089403152	273	1	13.3086	311.386770146358	0.905370073642731	1.02107344254971
75.7132009267807	769	0	9.16039	311.364969625342	0.902958903636932	1.01891491875172
75.7132009267807	611	0	10.3281	311.364969625342	0.902958903636932	1.01891491875172
75.7220959663391	193	2	14.1174	311.360839959259	0.902674514083862	1.01887833129883
75.7292129993439	184	0	14.211	311.358805341864	0.902619712929726	1.01904458518982
75.7309919595718	266	0	13.3778	311.358296772714	0.90260601493597	1.01908614170074
75.7345499992371	143	0	14.644	311.357279600334	0.902578618030548	1.01916925750732
75.736328959465	527	0	11.0055	311.356771031184	0.902564920036793	1.01921081401825
75.7612370252609	343	2	12.6344	311.349650313335	0.902373127930164	1.01979266643524
75.7647949457169	70	2	15.4428	311.348633175035	0.902345731942654	1.01987577945709
75.7985990047455	187	0	14.1797	311.338969270639	0.902085440688133	1.020665442276
75.8021569252014	274	0	13.2988	311.33795213234	0.902058044700623	1.02074855529785
75.8163899183273	522	0	11.0471	311.333883204265	0.901948450653553	1.02108103801727
75.8412979841232	128	0	14.8053	311.326762486415	0.901756658546925	1.02166289043427
75.850193977356	275	2	13.2889	311.32421929987	0.901688159399033	1.02187070083618
75.8697639703751	61	0	15.5437	311.318624630265	0.901537470452786	1.02232785587311
75.883996963501	387	0	12.2262	311.31455570219	0.901427876405716	1.02266033859253
75.8964509963989	164	0	14.4208	311.310995343266	0.901331980352402	1.02295126480103
75.9106839895248	66	1	15.4876	311.306926415191	0.901222386305332	1.02328374752045
75.9427089691162	483	0	11.3766	311.297771114025	0.900975793962479	1.0240318510437
75.9462670087814	424	0	11.8922	311.296753941646	0.900948397057056	1.02411496685028
75.9498249292374	319	0	12.8621	311.295736803346	0.900921001069546	1.02419807987213
75.9551630020142	247	0	13.567	311.2942107551	0.900879897909164	1.0243227772522
75.983628988266	652	0	10.0119	311.286072898951	0.900660709815025	1.02498774269104
75.9925239086151	385	0	12.2445	311.283530019121	0.900592218928337	1.0251955280304
75.9978619813919	126	0	14.8269	311.282003970876	0.900551115767956	1.02532022541046
75.9978619813919	186	0	14.1901	311.282003970876	0.900551115767956	1.02532022541046
75.9978619813919	69	0	15.454	311.282003970876	0.900551115767956	1.02532022541046
76.0352239608765	196	0	14.0863	311.271322928181	0.900263428525925	1.02619300125122
76.0423399209976	531	0	10.9723	311.269288617501	0.900208635632992	1.02635923007965
76.0458979606628	117	0	14.9244	311.268271445122	0.90018123872757	1.02644234588623
76.0547939538956	488	0	11.3338	311.265728258576	0.900112739579678	1.02665015628815
76.0654689073563	145	0	14.6227	311.262676502881	0.90003054243803	1.02689952320099
76.0708059072495	361	2	12.466	311.261150761352	0.899989447538853	1.02702419551849
76.1081680059433	68	0	15.4652	311.250469684577	0.89970175937891	1.02789697414398
76.120621919632	45	0	15.7246	311.246909359732	0.899605864243507	1.02818789756775
76.2024619579315	215	0	13.8909	311.223512929583	0.898975695948601	1.03009968086243
76.2291489839554	53	0	15.634	311.193982988868	0.897881586167812	1.03035321182966
76.2398239374161	402	2	12.0898	311.174535358653	0.897134125926495	1.03032567044973
76.2487189769745	119	0	14.9027	311.158330375586	0.896511295256615	1.03030272124767
76.2504990100861	127	0	14.8161	311.155087511263	0.896386657338142	1.03029812876225
76.2611730098724	151	1	14.5587	311.135641618452	0.8956392638731	1.0302705898428
76.2718479633331	641	0	10.0958	311.116193988237	0.894891803631783	1.03024304846287
76.286080956459	138	0	14.6976	311.090264321361	0.893895209453106	1.0302063273406
76.2896389961243	417	0	11.9547	311.083782284698	0.893646075515747	1.03019714759827
76.3074309825897	230	0	13.7382	311.051368843756	0.892400280623436	1.03015124427319
76.3163260221481	370	0	12.3825	311.035163860688	0.891777449953556	1.03012829507113
76.3163260221481	358	0	12.4939	311.035163860688	0.891777449953556	1.03012829507113
76.3234429359436	286	0	13.1811	311.022198267136	0.891279123649597	1.03010993343353
76.3287799358368	148	1	14.5906	311.01247532073	0.890905426917076	1.03009616397381
76.3341180086136	667	0	9.8986	311.002750419745	0.890531655061245	1.03008239174604
76.3590259552002	397	0	12.1351	310.957373122654	0.888787600641251	1.03001812924385
76.3803749084473	349	0	12.578	310.918479599628	0.887292746934891	1.02996304894447
76.3839329481125	519	1	11.0721	310.911997562966	0.887043612997532	1.02995386920214
76.3892710208893	506	0	11.1812	310.902272661982	0.886669841141701	1.02994009697437
76.3892710208893	554	0	10.7833	310.902272661982	0.886669841141701	1.02994009697437
76.3928289413452	86	0	15.2647	310.895790842495	0.886420715551376	1.0299309175396
76.3946080207825	446	0	11.6975	310.892549715576	0.88629614440918	1.02992632751465
76.4035040140152	622	1	10.2423	310.876342995105	0.885673246963024	1.02990337585211
76.4248529672623	104	0	15.0663	310.837449472079	0.884178393256664	1.02984829555273
76.4426449537277	287	0	13.1713	310.805036031137	0.882932598364353	1.02980239222765
76.4444239139557	446	0	11.6975	310.801795121393	0.882808035569191	1.02979780251026
76.4444239139557	629	0	10.1881	310.801795121393	0.882808035569191	1.02979780251026
76.4746689796448	48	0	15.6906	310.746694660721	0.880690276069641	1.02971977024078
76.4817860126495	132	0	14.7621	310.733728849993	0.880191941418648	1.02970140829563
76.4906809329987	462	0	11.5577	310.717524084101	0.879569119095802	1.02967845940113
76.5138099193573	219	2	13.85	310.675387696753	0.87794962747097	1.02961878661633
76.5173679590225	375	2	12.3364	310.66890566009	0.877700493533611	1.02960960687399
76.52270591259	67	0	15.4764	310.659180976281	0.877326730024815	1.02959583495378
76.5387179851532	65	0	15.4988	310.630010182486	0.876205564703941	1.02955452380657
76.5654050111771	123	2	14.8593	310.581391758475	0.87433693914175	1.02948567127943
76.5743010044098	42	0	15.7587	310.565185038004	0.873714041695595	1.02946271961689
76.5760799646378	198	0	14.0656	310.561944128261	0.873589478900433	1.0294581298995
76.5956499576569	141	0	14.6655	310.526291514978	0.872219187989235	1.02940763931751
76.5974289178848	70	0	15.4428	310.523050605235	0.872094625194073	1.02940304960012
76.6116619110107	70	0	15.032	310.497120938358	0.871098031015396	1.02936632847786
76.6330119371414	334	0	12.4024	310.458225460753	0.869603102185726	1.02931124541044
76.6347910165787	116	0	14.5424	310.454984333835	0.86947853104353	1.02930665538549
76.6419079303741	565	0	10.4431	310.442018740282	0.868980204739571	1.0292882937479
76.6472449302673	536	0	10.6725	310.432295793877	0.86860650800705	1.02927452428818
76.6596989631653	107	0	14.6371	310.409607036743	0.867734476623535	1.0292423928833
76.6632570028305	360	0	12.1665	310.403125000081	0.867485342686176	1.02923321314096
76.6668149232864	181	0	13.8735	310.396643180594	0.867236217095852	1.02922403370619
76.679239988327	356	0	12.2025	310.374007197103	0.86636621404171	1.02919197703838
76.691694021225	480	0	11.1287	310.35131843997	0.865494182658196	1.02915984563351
76.7130439281464	489	0	11.0542	310.312423179541	0.86399926217556	1.02910476287365
76.7148230075836	64	0	15.0968	310.309182052622	0.863874691033363	1.0291001728487
76.7308349609375	103	0	14.6794	310.281576314154	0.865445361824036	1.0288847430706
76.7486259937286	526	0	10.7527	310.250910622573	0.8672031158638	1.02864456412792
76.7575219869614	220	0	13.4849	310.235576954877	0.868082039995194	1.02852446821928
76.7664179801941	332	0	12.4207	310.220243287182	0.868960964126587	1.02840437231064
76.7664179801941	157	0	14.1174	310.220243287182	0.868960964126587	1.02840437231064
76.7842090129852	168	0	14.0052	310.189577595601	0.870718718166351	1.02816419336796
76.7877669334412	563	0	10.4588	310.183444950428	0.871070240707397	1.0281161614418
76.8233499526978	366	0	12.1126	310.122111923456	0.874585843009949	1.02763579068184
76.8340250253677	186	0	13.8232	310.103711727698	0.875640540189743	1.02749167720079
76.8696069717407	93	0	14.7855	310.042380550013	0.879156036491394	1.02701132092476
76.9034109115601	379	0	11.9966	309.984114051104	0.882495865745545	1.0265549677372
76.9051899909973	111	0	14.5949	309.981047523041	0.882671638793945	1.02653095016479
76.915864944458	416	0	11.6718	309.962647532759	0.883726324195862	1.02638683829308
76.9212019443512	463	0	11.2707	309.953448359523	0.884253619785309	1.02631478879452
76.9425519704819	472	0	11.1953	309.916648173482	0.88636300236702	1.02602656344175
76.9870299100876	592	1	10.2337	309.839983328102	0.890757422800064	1.02542611125708
77.0350660085678	79	0	14.9351	309.757185426595	0.89550338932991	1.02477762392759
77.0404039621353	265	0	13.0482	309.747984609549	0.89603077914238	1.02470556155443
77.0457409620285	153	0	14.1584	309.738785436313	0.896558074731827	1.02463351205587
77.0475199222565	206	0	13.6233	309.735719113727	0.89673383600235	1.0246094960928
77.0599739551544	174	1	13.9443	309.714252595382	0.897964294452667	1.02444136664867
77.1044529676437	765	0	8.98416	309.637585900714	0.902358820886612	1.02384089998007
77.108011007309	172	0	13.9646	309.631453050065	0.902710355205536	1.02379286644459
77.1169070005417	56	0	15.1837	309.61611938237	0.903589279336929	1.02367277053595
77.1169070005417	108	0	14.6266	309.61611938237	0.903589279336929	1.02367277053595
77.1186859607697	258	0	13.1153	309.613053059783	0.903765040607452	1.02364875457287
77.1222440004349	392	0	11.8816	309.606920209134	0.904116574926376	1.02360072103739
77.1240229606628	601	0	10.1648	309.603853886547	0.904292336196899	1.02357670507431
77.1258019208908	210	0	13.5837	309.600787563961	0.904468097467423	1.02355268911123
77.1275810003281	348	2	12.2749	309.597721035898	0.904643870515823	1.02352867153883
77.1329189538956	164	0	14.0459	309.588520218852	0.905171260328293	1.02345660916567
77.1382559537888	290	0	12.8109	309.579321045616	0.90569855591774	1.02338455966711
77.1453729867935	369	0	12.0857	309.567053700507	0.90640171877861	1.02328847972155
77.1578270196915	320	1	12.5311	309.545587182162	0.907632177228928	1.02312035027742
77.1596059799194	485	0	11.0872	309.542520859575	0.907807938499451	1.02309633431435
77.1667219400406	304	0	12.6797	309.530255363753	0.908510995359421	1.02300026885271
77.1916300058365	457	0	11.0322	309.487322327063	0.910971912260056	1.02266400996447
77.196967959404	261	0	12.734	309.478121510017	0.911499302072525	1.0225919475913
77.196967959404	308	0	12.3062	309.478121510017	0.911499302072525	1.0225919475913
77.198746919632	198	0	13.3276	309.47505518743	0.911675063343048	1.02256793162823
77.2094209194183	107	0	14.2265	309.456656840959	0.912729654521942	1.02242383263111
77.2236539125443	52	0	14.7939	309.432067034616	0.91307403898716	1.02237278616428
77.228991985321	149	0	13.8055	309.422831314621	0.912954679679871	1.0223866651535
77.2343289852142	57	0	14.7416	309.413597450886	0.912835344362259	1.02240054135323
77.2378879785538	320	0	12.199	309.407439822969	0.912755765271187	1.02240979473591
77.243224978447	218	0	13.1367	309.398205959234	0.912636429953575	1.02242367093563
77.2538999319077	499	0	10.6952	309.379736581755	0.912397737994194	1.02245142581463
77.2716909646988	412	0	11.404	309.348955248461	0.911999930500984	1.02249768249989
77.2894819974899	548	0	10.3139	309.318173915167	0.911602123007774	1.02254393918514
77.3054939508438	149	1	13.8055	309.290470673952	0.911244095730782	1.02258557026386
77.3161690235138	255	0	12.7896	309.272001090221	0.911005401105881	1.0226133254528
77.3499729633331	527	2	10.4757	309.213514865704	0.91024954501152	1.02270121569633
77.3731019496918	336	0	12.0573	309.173498018665	0.909732380876541	1.02276135106087
77.4015679359436	334	0	12.0749	309.124247307892	0.90909588142395	1.02283536262512
77.4051259756088	78	0	14.5234	309.118091329985	0.909016323657036	1.02284461352825
77.4140219688416	188	0	13.424	309.102699838333	0.908817409248352	1.02286774311066
77.4193589687347	373	0	11.7352	309.093465974598	0.90869807393074	1.02288161931038
77.4282549619675	119	0	14.1051	309.078074482946	0.908499159522057	1.02290474889278
77.4389289617538	118	0	14.1152	309.059606755476	0.908260488886833	1.02293250129223
77.4407089948654	70	0	14.6062	309.056527013388	0.908220687346458	1.02293712937832
77.4602789878845	246	0	12.8733	309.022667794266	0.907783102302551	1.02298801136017
77.4691749811172	413	0	11.3956	309.007276302614	0.907584187893868	1.02301114094257
77.4709539413452	306	0	12.3241	309.004198416786	0.90754441034317	1.02301576623917
77.4762909412384	126	0	14.0347	308.994964553051	0.907425075025558	1.02302964243889
77.4780700206757	152	0	13.7758	308.991886460972	0.907385294809341	1.02303426804543
77.5047569274902	233	0	12.995	308.945713842278	0.906788575572968	1.02310365400314
77.5261069536209	143	0	13.865	308.908774881067	0.906311188988686	1.02315916407108
77.5278859138489	97	0	14.3283	308.905696995239	0.906271411437988	1.02316378936768
77.5314439535141	373	0	11.7352	308.899541017332	0.906191853671074	1.02317304027081
77.5314439535141	205	0	13.2605	308.899541017332	0.906191853671074	1.02317304027081
77.5332229137421	46	0	14.8569	308.896463131504	0.906152076120377	1.0231776655674
77.5670269727707	22	0	15.1112	308.837976700735	0.905396217360496	1.02326555612087
77.5794810056686	328	0	12.1279	308.816429231176	0.905117745184898	1.02329793660641
77.6026099920273	578	0	10.0867	308.776412384138	0.904600581049919	1.02335807197094
77.6061679124832	130	0	13.9946	308.770256612482	0.904521025948524	1.02336732256413
77.6097259521484	345	0	11.9782	308.764100634575	0.90444146818161	1.02337657346725
77.6346340179443	349	0	11.9432	308.721005695457	0.903884523830414	1.02344133443832
77.6364129781723	116	2	14.1354	308.717927809629	0.903844746279716	1.02344595973492
77.6773329973221	220	0	13.1177	308.647129629297	0.902929774651527	1.02355235178471
77.6773329973221	143	0	13.865	308.647129629297	0.902929774651527	1.02355235178471
77.680890917778	57	0	14.7416	308.640973857641	0.902850219550133	1.02356160237789
77.6826709508896	41	0	14.9096	308.637894115553	0.902810418009758	1.02356623046398
77.6969039440155	101	0	14.2875	308.613268760166	0.902492168283462	1.02360323624611
77.7395919561386	226	0	13.061	308.534675810695	0.900704220440388	1.02337630236149
77.7644989490509	109	0	13.781	308.486807559156	0.899306938138008	1.02310033288002
77.782289981842	494	0	10.4473	308.452615329056	0.898308861198425	1.02290320823669
77.7911850214005	203	0	12.8926	308.435520130429	0.897809849479198	1.02280465119839
77.796522974968	139	1	13.4921	308.425261224227	0.897510390284061	1.02274550667286
77.8054180145264	195	0	12.9663	308.4081660256	0.897011378564835	1.02264694963455
77.8054180145264	669	0	9.18677	308.4081660256	0.897011378564835	1.02264694963455
77.8125349283218	63	0	14.234	308.394488171315	0.896612119700909	1.0225680942297
77.8214299678802	78	0	14.0849	308.377392972689	0.896113107981682	1.02246953719139
77.8498959541321	41	0	14.4549	308.322684763031	0.894516166152954	1.02215413406372
77.8623489141464	44	0	14.4246	308.298751668239	0.893817555096149	1.02201615526676
77.864128947258	110	0	13.7713	308.295330658202	0.89371769523859	1.02199643249989
77.8712449073792	522	1	10.2354	308.281654636765	0.893318489875793	1.02191758766174
77.8854780197144	390	0	11.2697	308.25430030283	0.892520012273788	1.02175988477707
77.8872569799423	438	0	10.8832	308.250881354747	0.892420212604999	1.02174017389774
77.8961520195007	113	0	13.7422	308.23378615612	0.891921200885773	1.02164161685944
77.9032689332962	735	0	8.74994	308.220108301835	0.891521942021847	1.02156276145458
77.9050480127335	528	0	10.1905	308.216689124646	0.891422135665417	1.02154304925442
77.9068269729614	224	2	12.7008	308.213270176563	0.891322335996628	1.02152333837509
77.9068269729614	165	0	13.2458	308.213270176563	0.891322335996628	1.02152333837509
77.9139429330826	104	0	13.8297	308.199594155126	0.890923130633831	1.02144449353695
77.9210599660873	177	0	13.1334	308.185916071734	0.890523865082264	1.02136563681126
77.9317339658737	438	0	10.8832	308.165401925025	0.889925053694248	1.02124736889362
77.9335129261017	496	0	10.4321	308.161982976942	0.889825254025459	1.0212276580143
77.9459669589996	114	0	13.7325	308.138047820196	0.889126582779884	1.02108966732979
77.9566419124603	77	0	14.0948	308.117531840639	0.888527717890739	1.02097138884544
77.9744329452515	227	0	12.6737	308.083339610538	0.887529640951157	1.02077426420212
77.9797699451447	506	0	10.356	308.073082537184	0.887230235257149	1.0207151302433
77.9940029382706	230	0	12.6465	308.045728432355	0.886431764342785	1.02055742867947
78.0171309709549	293	0	12.0879	308.0012791289	0.885134281709194	1.02030117007732
78.024246931076	218	0	12.7554	307.987603107462	0.884735076346397	1.02022232523918
78.038479924202	554	1	9.99804	307.960249002633	0.883936605432034	1.02006462367535
78.0562709569931	322	0	11.838	307.926056772532	0.882938528492451	1.01986749903202
78.0669459104538	502	0	10.3864	307.905540792975	0.882339663603306	1.01974922054768
78.0900739431381	79	0	14.0751	307.86109148952	0.881042180969715	1.01949296194553
78.0971900224686	212	0	12.8101	307.847415238977	0.880642968919277	1.01941411578655
78.104306936264	473	0	10.6089	307.833737384691	0.880243710055351	1.0193352603817
78.1167600154877	84	0	14.0257	307.809804060793	0.879545092310905	1.0191972802639
78.1220979690552	38	0	14.4853	307.799545154591	0.879245633115768	1.01913813573837
78.1470049619675	764	0	8.56447	307.751676903052	0.877848350813389	1.0188621662569
78.1576799154282	111	0	13.7616	307.731160923495	0.877249485924244	1.01874388777256
78.1594589948654	269	0	12.2982	307.727741746306	0.877149679567814	1.0187241755724
78.1754709482193	703	0	8.95917	307.696968693395	0.876251408984661	1.01854676312923
78.1790289878845	200	0	12.9202	307.690130568123	0.876051802959442	1.01850734004974
78.1825869083405	46	0	14.4045	307.683292671957	0.875852203621864	1.01846791829109
78.1879239082336	127	0	13.607	307.673035598602	0.875552797927856	1.01840878433228
78.1914830207825	77	0	14.0948	307.666195411377	0.875353131713867	1.01836934936523
78.2181689739227	100	0	13.8687	307.615805993938	0.874259756617546	1.01819236774445
78.2199479341507	167	0	13.227	307.612874125166	0.874378982532024	1.01823705522537
78.2288439273834	666	2	9.20712	307.598212816639	0.874975191998482	1.01846052257538
78.2306230068207	515	0	10.288	307.5952807514	0.875094425902367	1.01850521305084
78.2341809272766	409	0	11.1153	307.589417013855	0.875332877731323	1.0185945880127
78.2395179271698	659	1	9.25477	307.580621211071	0.875690563464165	1.01872865345001
78.2484139204025	185	0	13.0589	307.565959902544	0.876286772930622	1.01895212080002
78.2644259929657	110	0	13.7713	307.539570725994	0.877359902033806	1.01935434406281
78.2733209133148	309	0	11.9495	307.524911185665	0.877956039595604	1.01957778446198
78.2822170257568	249	0	12.4758	307.510249680672	0.878552257051468	1.01980125480652
78.2982289791107	394	0	10.9067	307.483860700588	0.879625378165245	1.02020347507477
78.3124610185623	113	0	13.3022	307.460405161009	0.880579209449291	1.02056098390579
78.3142399787903	281	0	11.8215	307.457473292236	0.88069843536377	1.02060567138672
78.3177989721298	299	0	11.6715	307.451607786493	0.880936959097385	1.02069507329941
78.3320310115814	136	0	13.0908	307.428152246914	0.881890790381432	1.02105258213043
78.3409270048141	518	0	9.97529	307.413490938387	0.882486999847889	1.02127604948044
78.3427059650421	279	0	11.8383	307.410559069614	0.882606225762367	1.02132073696136
78.3480429649353	83	0	13.5822	307.40176326683	0.882963911495209	1.02145480239868
78.3498219251633	430	1	10.6286	307.398831398058	0.883083137409687	1.02149948987961
78.3729509115219	378	0	11.0324	307.36071297822	0.884633242075443	1.02208049001694
78.3800669908524	320	0	11.4985	307.348985110197	0.88511016171217	1.02225924592972
78.4085329771042	380	0	11.0166	307.302070887575	0.887017952110767	1.02297431150436
78.4156489372253	344	2	11.3036	307.290343216019	0.887494863758087	1.02315306442261
78.4263240098953	84	0	13.5727	307.272749842253	0.888210307128429	1.02342122224808
78.4263240098953	563	0	9.6555	307.272749842253	0.888210307128429	1.02342122224808
78.4405559301376	62	0	13.781	307.24929449914	0.889164130423069	1.02377872808456
78.4423350095749	56	0	13.8382	307.246362433901	0.889283364326954	1.02382341856003
78.4619059562683	358	0	11.1912	307.214107948074	0.890595009174347	1.02431504074097
78.4690219163895	97	0	13.4509	307.202380276518	0.891071920821667	1.02449379365921
78.4761379957199	49	0	13.9053	307.190652408495	0.891548840458393	1.02467254957199
78.4903709888458	563	0	9.6555	307.167195297184	0.892502735657692	1.02503008235931
78.4921499490738	204	0	12.482	307.164263428412	0.89262196157217	1.02507476984024
78.5028250217438	120	1	13.2375	307.146670054646	0.893337404942512	1.02534292766571
78.5099409818649	222	0	12.3248	307.134942383089	0.893814316589832	1.02552168058395
78.5152779817581	699	0	8.74619	307.126146580305	0.894172002322674	1.02565574602127
78.5170580148697	80	2	13.6104	307.123212943335	0.894291300141811	1.02570046045303
78.5206159353256	586	0	9.49573	307.11734920579	0.894529751970768	1.02578983541489
78.5277320146561	503	0	10.084	307.105621337767	0.895006671607494	1.02596859132767
78.5277320146561	255	0	12.0411	307.105621337767	0.895006671607494	1.02596859132767
78.531289935112	70	0	13.705	307.099757600222	0.895245123436451	1.02605796628952
78.5366280078888	241	0	12.1608	307.09096002924	0.895602881073952	1.02619205867767
78.5366280078888	788	0	8.19624	307.09096002924	0.895602881073952	1.02619205867767
78.541965007782	98	0	13.4416	307.082164226456	0.895960566806793	1.02632612411499
78.565092921257	256	0	12.0326	307.044047574816	0.89751059956789	1.02690709730148
78.575767993927	528	0	9.90339	307.02645420105	0.898226042938232	1.02717525512695
78.5793259143829	335	0	11.3764	307.020590463505	0.898464494767189	1.02726463008881
78.5864419937134	688	2	8.81661	307.008862595482	0.898941414403915	1.02744338600159
78.5864419937134	121	1	13.2283	307.008862595482	0.898941414403915	1.02744338600159
78.5953379869461	345	0	11.2955	306.994201286955	0.899537623870373	1.02766685335159
78.6166869401932	107	0	13.3578	306.959016504087	0.900968430716991	1.02820313905716
78.6255829334259	32	0	14.0691	306.94435519556	0.901564640183449	1.02842660640717
78.6273620128632	67	0	13.7334	306.941423130321	0.901683874087334	1.02847129688263
78.6344779729843	58	0	13.8191	306.929695458765	0.902160785734653	1.02865004980087
78.643373966217	258	0	12.0156	306.915034150238	0.902756995201111	1.02887351715088
78.6487109661102	894	1	7.58601	306.906238347454	0.903114680933952	1.0290075825882
78.6504899263382	91	0	13.507	306.903306478682	0.903233906848431	1.02905227006912
78.6771759986877	274	0	11.8803	306.859325696564	0.905022407417297	1.02972262420654
78.67895591259	708	0	8.68899	306.85639225606	0.905141697247028	1.02976733564377
78.6825139522552	139	2	13.0634	306.850528322048	0.905380157065392	1.02985671360016
78.6914089918137	458	0	10.4167	306.835868585253	0.905976302616596	1.03008015699387
78.6985260248184	361	0	11.1673	306.824139145498	0.906453286168575	1.03025893686295
78.7109789848328	573	0	9.58573	306.803615671158	0.907287883548737	1.03057175521851
78.7145379781723	364	0	11.1433	306.797750165415	0.907526407282352	1.03066115713119
78.7269909381866	279	0	11.8383	306.781000972695	0.909786736822128	1.03004655982971
78.7376660108566	412	0	10.7669	306.766737154095	0.911759917254448	1.02949658008575
78.7394449710846	427	0	10.6515	306.764360143018	0.912088740262985	1.02940492805481
78.7554569244385	419	0	10.7129	306.742965291185	0.915048389720917	1.02857999221802
