 ! Swift/XRT lightcurve of trigger: 1088940, name: GRB 211211A
 ! T0 for this burst is Swift MET=660921027.84 s, = 2021 Dec 11 at 13:09:59.602 UT

 ! Data covers 0.3-10 keV
 ! The data are in 5 columns: ";
 ! time, time error (+ve), time error (-ve), source flux, source error
 ! For a detailed description of light curve production, see Evans et al. 2007 (A&A, 469, 379 )
 ! For a detailed description of the file, see
 ! http://www.swift.ac.uk/xrt_curves/docs.php
 ! This lightcurve was obtained from http://www.swift.ac.uk/xrt_curves/01088940
 ! BINMODE: GRB-like (counts)

! WTSLEW data
!Time    	T_+ve   	T_-ve   	Flux    	Fluxpos 	Fluxneg
69.9354154796797	0.34341244276753	-0.588857521656578	6.72190205491719e-08	6.55990470574658e-09	-6.55990470574658e-09
70.743655984768	0.527916025852093	-0.464828062320805	5.63335284835862e-08	5.57785048152297e-09	-5.57785048152297e-09
71.6253774160718	0.436114566968115	-0.353805405451681	7.43960665685878e-08	7.3663082520016e-09	-7.36630825200164e-09
72.5920091395546	0.65090483864816	-0.530517156514748	4.93911950335356e-08	4.8904570407137e-09	-4.8904570407137e-09
73.7536890415696	0.444611932902419	-0.510775063366779	6.14799769573688e-08	6.08742481266012e-09	-6.08742481266016e-09
74.7805338066285	0.535045147694348	-0.58223283215645	5.46383737126476e-08	5.41000514838194e-09	-5.41000514838198e-09
75.7473062092377	0.493400728178358	-0.431727254914946	4.20794182031286e-08	5.1028789975305e-09	-5.1028789975305e-09
76.7948253658729	0.607625570070681	-0.554118428456817	4.93837659318384e-08	4.88972145003456e-09	-4.88972145003451e-09
78.1277127762358	0.627744148202709	-0.725261840292191	5.59912479177365e-08	4.69868114803335e-09	-4.6986811480333e-09
! WT data
!Time    	T_+ve   	T_-ve   	Flux    	Fluxpos 	Fluxneg
83.3331	0.4039	-0.3594	5.5692242e-08	5.96628767793952e-09	-5.96628988048055e-09
84.1455	0.4508	-0.4085	4.97034332e-08	5.29391855802603e-09	-5.29391581389714e-09
84.9587	0.3475	-0.3624	3.90381538e-08	5.24351262269469e-09	-5.24351469987769e-09
85.6713	0.3484	-0.3651	6.1297022e-08	6.3440746096238e-09	-6.34406656918748e-09
86.3845	0.3379	-0.3648	4.059708488e-08	5.26474964693266e-09	-5.26474961708244e-09
87.2019	0.4812	-0.4795	4.42441028e-08	4.73985723524238e-09	-4.73985685343784e-09
88.0310	0.3780	-0.3479	4.014691052e-08	5.07354269502926e-09	-5.07353922886658e-09
88.8428	0.3188	-0.4338	3.736627256e-08	4.93112023434689e-09	-4.93112444180632e-09
89.5292	0.4347	-0.3676	3.530093184e-08	4.61796149658949e-09	-4.61796130099462e-09
90.3106	0.3917	-0.3466	3.863981984e-08	5.01092706675828e-09	-5.01092429916491e-09
91.1075	0.4275	-0.4052	3.450925612e-08	4.43667444030932e-09	-4.43667314605745e-09
91.9197	0.4123	-0.3847	3.579362492e-08	4.6418232796326e-09	-4.64182184044355e-09
92.7501	0.3699	-0.4181	3.620377448e-08	4.69501305601965e-09	-4.69501220289587e-09
93.5237	0.3881	-0.4036	3.62752436e-08	4.70428121598445e-09	-4.70428019141929e-09
94.3015	0.3468	-0.3897	3.88964974e-08	5.08832291287239e-09	-5.08832485320946e-09
95.0578	0.3128	-0.4095	3.90909534e-08	5.20433351537094e-09	-5.20433317489689e-09
95.7838	0.3234	-0.4132	3.917698928e-08	5.08058309028758e-09	-5.08058715776241e-09
96.5368	0.4119	-0.4296	3.281723168e-08	4.48733562164205e-09	-4.48733177414091e-09
97.3597	0.5213	-0.4110	3.09528172e-08	4.01404951270943e-09	-4.01405277590106e-09
98.2889	0.4230	-0.4079	3.52281242e-08	4.49024704434349e-09	-4.49024807337521e-09
99.226	0.555	-0.515	2.718036644e-08	3.49443369568273e-09	-3.49443588856917e-09
100.2755	0.4913	-0.4944	2.843825696e-08	3.81976050919073e-09	-3.81975853549795e-09
101.1374	0.4495	-0.3707	3.593781884e-08	4.54162008828349e-09	-4.54162017102361e-09
102.207	0.677	-0.620	2.192987568e-08	2.89402602340872e-09	-2.89402479115927e-09
103.3540	0.4409	-0.4700	3.235912648e-08	4.08936466841657e-09	-4.08936450973787e-09
104.2343	0.4145	-0.4395	3.468055616e-08	4.45869656759497e-09	-4.45869776990788e-09
105.1017	0.4847	-0.4529	3.084940672e-08	4.14361994778337e-09	-4.1436189353576e-09
106.096	0.493	-0.510	2.94629834e-08	3.85425672588146e-09	-3.85425929701087e-09
107.236	0.606	-0.646	2.309313676e-08	3.10181187592541e-09	-3.10181474899498e-09
108.2636	0.4239	-0.4212	3.346872032e-08	4.61780223347569e-09	-4.61780760764779e-09
109.2173	0.4184	-0.5299	3.050272568e-08	4.09704418216092e-09	-4.09705619363809e-09
110.0628	0.4483	-0.4271	3.353112064e-08	4.42501230489527e-09	-4.42501201034832e-09
111.225	0.693	-0.714	2.146219592e-08	2.73561926474998e-09	-2.7356102813215e-09
112.582	0.521	-0.664	2.495063628e-08	3.26397062149104e-09	-3.26396049507045e-09
113.626	0.632	-0.523	2.615809904e-08	3.33415619806526e-09	-3.33415968117422e-09
114.790	0.524	-0.533	2.758084116e-08	3.48551539530835e-09	-3.48552031981655e-09
116.032	0.669	-0.717	1.91276252e-08	2.54653951997277e-09	-2.54654649680164e-09
117.338	0.596	-0.637	2.197327512e-08	2.84956231473369e-09	-2.84954790650084e-09
118.505	0.514	-0.571	2.535398424e-08	3.26080345867042e-09	-3.2608112832901e-09
119.484	0.556	-0.465	2.728869064e-08	3.41932568207758e-09	-3.41929574086312e-09
120.632	0.524	-0.592	2.498188004e-08	3.13026790702157e-09	-3.13027661275947e-09
121.829	0.625	-0.674	2.085955236e-08	2.7051227419042e-09	-2.70512991195578e-09
123.095	0.736	-0.641	1.96736716e-08	2.55134356559759e-09	-2.55134970722831e-09
124.2849	0.4611	-0.4534	3.026135172e-08	3.82427064260049e-09	-3.82426421717201e-09
125.417	0.740	-0.671	1.929633976e-08	2.50240903184139e-09	-2.50241542345238e-09
126.924	0.628	-0.767	1.962771284e-08	2.54538560706645e-09	-2.5453850735342e-09
128.169	0.680	-0.617	2.2015275e-08	2.71227052806825e-09	-2.71227382104488e-09
129.385	0.639	-0.537	2.32800674e-08	3.019024463067e-09	-3.01900952218031e-09
130.604	0.459	-0.580	2.345306784e-08	2.97040031880561e-09	-2.97040875681392e-09
131.3355	0.2334	-0.2719	2.62508406e-08	3.21109570765403e-09	-3.21109527759459e-09
131.8618	0.3102	-0.2929	2.021884164e-08	2.52332352331559e-09	-2.52332362911712e-09
132.4762	0.2082	-0.3042	2.319728408e-08	2.99043247582544e-09	-2.99043286929681e-09
132.9176	0.2685	-0.2332	2.582216104e-08	3.08633430205552e-09	-3.08633888464701e-09
133.4307	0.2767	-0.2446	2.31959194e-08	2.92613789043158e-09	-2.92613607452554e-09
133.9650	0.2602	-0.2576	2.395109756e-08	2.92609413185174e-09	-2.92609231359757e-09
134.4711	0.2824	-0.2460	2.327225428e-08	2.87352386644933e-09	-2.87352627538173e-09
135.0124	0.2483	-0.2588	2.74559446e-08	3.25530289055397e-09	-3.25530593766293e-09
135.5555	0.2548	-0.2949	2.218186188e-08	2.76830628140048e-09	-2.76830984050543e-09
136.0702	0.2419	-0.2598	2.504439808e-08	3.0780117980347e-09	-3.07801304072468e-09
136.5656	0.2713	-0.2536	2.323456208e-08	2.89968804955492e-09	-2.89968740648178e-09
137.0817	0.2587	-0.2448	2.458731748e-08	3.04490766660795e-09	-3.04490623721711e-09
137.6903	0.3439	-0.3499	1.74266802e-08	2.19835543008866e-09	-2.19835363158522e-09
138.3366	0.2688	-0.3023	2.117256548e-08	2.67089282602046e-09	-2.67089247794573e-09
138.9247	0.3159	-0.3193	1.90375476e-08	2.40156415822015e-09	-2.40156277088953e-09
139.5965	0.3984	-0.3559	1.616536708e-08	2.01744739516919e-09	-2.01744714067373e-09
140.3395	0.3065	-0.3447	1.872694992e-08	2.33713659040518e-09	-2.33713468406936e-09
141.0288	0.3164	-0.3828	1.714658944e-08	2.18652414263414e-09	-2.18652252214349e-09
141.7148	0.2887	-0.3696	1.896491872e-08	2.32403396976433e-09	-2.32403484458677e-09
142.3040	0.2475	-0.3005	2.263344452e-08	2.7651129809267e-09	-2.76511554031063e-09
142.8268	0.3136	-0.2753	2.07111772e-08	2.58476969084395e-09	-2.5847670841808e-09
143.4041	0.3199	-0.2637	2.072424412e-08	2.61433836269824e-09	-2.61433768003704e-09
144.0555	0.3392	-0.3316	1.772402348e-08	2.28485852605758e-09	-2.2848584177518e-09
144.7124	0.3138	-0.3178	1.947368276e-08	2.40450039267123e-09	-2.40450032547048e-09
145.3156	0.3511	-0.2894	1.9331695e-08	2.39404841148168e-09	-2.3940471530121e-09
145.9626	0.2681	-0.2959	2.180787416e-08	2.69271635628021e-09	-2.69271322454719e-09
146.5636	0.3504	-0.3328	1.755099688e-08	2.2380908987447e-09	-2.23809208592583e-09
147.2413	0.3203	-0.3273	1.915137412e-08	2.33971480415635e-09	-2.33971307017399e-09
147.8291	0.3106	-0.2676	2.127161596e-08	2.62649781706904e-09	-2.62649925896944e-09
148.6027	0.4906	-0.4630	1.23584854e-08	1.61068763094885e-09	-1.6106863624743e-09
149.4126	0.3586	-0.3192	1.814479836e-08	2.24041618582991e-09	-2.24041724467562e-09
150.272	0.556	-0.500	1.124896132e-08	1.45013648797046e-09	-1.450137744e-09
151.2362	0.4262	-0.4082	1.424708044e-08	1.83663387160292e-09	-1.83663436182286e-09
152.0972	0.3677	-0.4347	1.522003188e-08	1.91998796899815e-09	-1.91998800061793e-09
152.8278	0.3113	-0.3630	1.807637252e-08	2.33028057366994e-09	-2.33028044034287e-09
153.5721	0.3908	-0.4330	1.543665848e-08	1.88588928080897e-09	-1.88588811975901e-09
154.2925	0.3287	-0.3296	1.896417316e-08	2.39892207778036e-09	-2.39892246085834e-09
155.0302	0.4147	-0.4090	1.530860528e-08	1.89022121084187e-09	-1.89021994422033e-09
155.8621	0.3229	-0.4172	1.68953706e-08	2.10855368160873e-09	-2.10855260342524e-09
156.5410	0.3752	-0.3560	1.69568248e-08	2.13908197393579e-09	-2.13908226492034e-09
157.3322	0.4967	-0.4160	1.370101224e-08	1.70989493755438e-09	-1.70989451458159e-09
158.2504	0.4432	-0.4215	1.446243392e-08	1.80492108690727e-09	-1.80492035595286e-09
159.2224	0.4248	-0.5288	1.278137488e-08	1.64768500277511e-09	-1.64768606706672e-09
160.1230	0.3213	-0.4758	1.515998596e-08	1.97580810001454e-09	-1.97580706968998e-09
160.8013	0.4329	-0.3571	1.596365168e-08	1.9711020562151e-09	-1.97110154412217e-09
161.768	0.487	-0.534	1.2038396e-08	1.53512832850775e-09	-1.53512867976481e-09
162.7583	0.3439	-0.5030	1.455654016e-08	1.83628863614888e-09	-1.83628950673471e-09
163.5504	0.4787	-0.4482	1.33165954e-08	1.66191889395679e-09	-1.66191895478823e-09
164.519	0.535	-0.490	1.204480084e-08	1.5031979373225e-09	-1.5031982525004e-09
165.5191	0.4547	-0.4651	1.319306788e-08	1.68237329844213e-09	-1.68237200199073e-09
166.4411	0.5130	-0.4674	1.248496464e-08	1.57496054750226e-09	-1.57496240600222e-09
167.610	0.574	-0.656	1.027722196e-08	1.25941100594647e-09	-1.25941095194473e-09
168.736	0.451	-0.552	1.230107292e-08	1.53518261429177e-09	-1.53518138078093e-09
169.5680	0.4711	-0.3811	1.448427316e-08	1.80764553632905e-09	-1.80764611197009e-09
170.602	0.627	-0.563	1.04578524e-08	1.29127622754202e-09	-1.29127670773531e-09
171.790	0.673	-0.560	8.951952e-09	1.12993516755086e-09	-1.12993444628167e-09
173.017	0.454	-0.554	9.04330708e-09	1.10481560099838e-09	-1.10481584107632e-09
174.141	0.736	-0.670	6.20954688e-09	8.02854774084343e-10	-8.02853493507353e-10
175.427	0.524	-0.550	8.19541352e-09	1.04752977480003e-09	-1.0475298239705e-09
176.606	0.516	-0.655	7.70650928e-09	9.66200446162458e-10	-9.66200870460092e-10
177.712	0.603	-0.591	7.44311296e-09	9.40587355682764e-10	-9.4058679895487e-10
178.8143	0.4176	-0.4987	9.87007644e-09	1.21940924460199e-09	-1.21940814217866e-09
179.7472	0.4169	-0.5153	9.7854532e-09	1.19548465941348e-09	-1.19548316996575e-09
180.832	0.584	-0.668	7.15743704e-09	8.94293549089996e-10	-8.9429309067879e-10
182.100	0.624	-0.683	6.73457808e-09	8.60807165441466e-10	-8.60807325449917e-10
183.561	0.866	-0.837	5.27511604e-09	6.66616818171543e-10	-6.66616969768782e-10
185.159	0.699	-0.732	6.36167164e-09	7.94865394749085e-10	-7.94865366045382e-10
186.389	0.614	-0.532	7.73226816e-09	9.99730604912264e-10	-9.9973103016346e-10
187.570	0.614	-0.567	7.7707626e-09	9.60047336856809e-10	-9.60046399804166e-10
188.973	0.770	-0.789	5.8901856e-09	7.27708759706569e-10	-7.27708348887858e-10
190.660	0.842	-0.917	5.17168376e-09	6.46181701465786e-10	-6.46181477173382e-10
192.268	0.828	-0.766	5.65813768e-09	7.15019120504655e-10	-7.15019630267292e-10
193.902	0.851	-0.805	5.4094302e-09	6.83590180392849e-10	-6.83590697216506e-10
195.744	1.008	-0.991	4.494615e-09	5.61584883827243e-10	-5.61584279903513e-10
197.474	0.725	-0.721	4.08288494e-09	6.40197960164085e-10	-6.40198055954314e-10
198.834	0.906	-0.635	4.238725292e-09	6.24468550029351e-10	-6.24468417338973e-10
200.523	0.665	-0.783	4.13250828e-09	6.37059031674042e-10	-6.37059145992845e-10
201.800	0.407	-0.612	6.13272804e-09	7.51957914057539e-10	-7.51957947235478e-10
202.5527	0.3239	-0.3451	4.85497336e-09	6.00706897762921e-10	-6.00706776890432e-10
203.2135	0.3070	-0.3370	5.16758972e-09	6.2666220852632e-10	-6.26662337036871e-10
203.8668	0.3423	-0.3462	4.290359464e-09	5.57039261535049e-10	-5.57039194443142e-10
204.5011	0.2898	-0.2920	5.58233908e-09	6.90703844429239e-10	-6.90703963897237e-10
205.1574	0.3238	-0.3665	4.75029848e-09	5.80341099518569e-10	-5.80341499301845e-10
205.8626	0.3053	-0.3814	4.68350328e-09	5.86937535236916e-10	-5.86937633867075e-10
206.4005	0.3101	-0.2325	4.239113768e-09	6.18338121823724e-10	-6.18338142398773e-10
206.9468	0.3189	-0.2362	3.854465412e-09	5.9685778634918e-10	-5.96857995559315e-10
207.5595	0.3911	-0.2939	4.78731924e-09	5.84863807306382e-10	-5.84863892278435e-10
208.2188	0.2389	-0.2682	4.343637356e-09	6.47511093763481e-10	-6.47511256287905e-10
208.7352	0.3132	-0.2775	4.308603884e-09	5.97495698830205e-10	-5.97495783604066e-10
209.3919	0.3361	-0.3435	4.8248196e-09	5.89445361638676e-10	-5.89445523584336e-10
210.0056	0.2935	-0.2776	3.801371076e-09	5.77502749039745e-10	-5.77502665461933e-10
210.5533	0.3187	-0.2542	4.076490128e-09	6.03034985313236e-10	-6.03034870574735e-10
211.1987	0.3209	-0.3267	5.06349908e-09	6.18604903656212e-10	-6.18604999181506e-10
211.8198	0.2317	-0.3002	4.081107804e-09	6.20000256881576e-10	-6.20000123159513e-10
212.3156	0.2536	-0.2641	4.348531892e-09	6.41155823354618e-10	-6.41156134319793e-10
212.8936	0.3321	-0.3244	4.9942274e-09	6.10142087215529e-10	-6.10142208615447e-10
213.5255	0.3087	-0.2997	5.3868454e-09	6.58108256971017e-10	-6.5810820020039e-10
214.1542	0.3437	-0.3199	4.9391388e-09	6.03411673771249e-10	-6.03411766993089e-10
214.7394	0.3029	-0.2416	4.043682436e-09	6.02796391977249e-10	-6.02796410848462e-10
215.3478	0.3385	-0.3056	5.08922308e-09	6.21747778889554e-10	-6.21747610585405e-10
215.9629	0.3977	-0.2766	4.81437304e-09	5.95682840556942e-10	-5.95683091845272e-10
216.7475	0.2803	-0.3869	3.2525709e-09	4.94129155101836e-10	-4.94129308037775e-10
217.3956	0.2264	-0.3678	3.651833976e-09	5.54785076329226e-10	-5.54784964345372e-10
217.8977	0.2491	-0.2757	4.194463008e-09	6.25273771840654e-10	-6.25273731830438e-10
218.4794	0.3809	-0.3325	4.5942628e-09	5.6127859116439e-10	-5.61278648639829e-10
219.1837	0.3260	-0.3234	4.143383428e-09	5.58693773777867e-10	-5.58693598468432e-10
219.8343	0.3550	-0.3246	4.82277912e-09	5.89196300238013e-10	-5.8919626619914e-10
220.4653	0.2649	-0.2760	4.070279308e-09	6.06761557815518e-10	-6.06761535027075e-10
221.0091	0.2566	-0.2789	4.052206236e-09	6.15609400833416e-10	-6.15609452789164e-10
221.5388	0.2802	-0.2732	3.865144796e-09	5.98511683799106e-10	-5.9851148920165e-10
222.1156	0.2727	-0.2966	3.811607048e-09	5.7905781483505e-10	-5.79057779343795e-10
222.6455	0.2837	-0.2572	4.070278436e-09	6.06761309158675e-10	-6.06761090780419e-10
223.2168	0.2336	-0.2877	4.256693724e-09	6.39342970824255e-10	-6.39343210826241e-10
223.6810	0.2889	-0.2306	4.223112132e-09	6.41573586821417e-10	-6.41573269733794e-10
224.3947	0.4008	-0.4247	2.744524516e-09	4.09129525547399e-10	-4.09129520475345e-10
225.1304	0.3696	-0.3349	3.21580302e-09	4.79383479787872e-10	-4.79383560940299e-10
225.9278	0.4938	-0.4278	2.423339012e-09	3.6815264833361e-10	-3.68152659470129e-10
226.7648	0.3525	-0.3432	3.256921744e-09	4.85513255025646e-10	-4.85513379334927e-10
227.5663	0.3373	-0.4491	2.840024212e-09	4.31455311150988e-10	-4.31455293380675e-10
228.2300	0.3141	-0.3263	3.537462456e-09	5.27333792396775e-10	-5.27333675223453e-10
228.9839	0.4515	-0.4398	2.505514548e-09	3.806367452885e-10	-3.80636727731038e-10
229.7107	0.2870	-0.2752	4.029855568e-09	6.00735233219191e-10	-6.00735200479676e-10
230.4382	0.3120	-0.4405	2.967658852e-09	4.50845524675845e-10	-4.5084529600147e-10
231.2245	0.4758	-0.4742	2.384741676e-09	3.55496313707753e-10	-3.55496297407176e-10
232.0660	0.3513	-0.3657	3.069846352e-09	4.75360912314981e-10	-4.75361051689841e-10
232.967	0.470	-0.550	2.19073214e-09	3.32815137214169e-10	-3.32815109139285e-10
233.8074	0.3783	-0.3707	3.024841996e-09	4.50916761445598e-10	-4.5091670046172e-10
234.6466	0.4056	-0.4608	2.554187408e-09	3.80755831074655e-10	-3.80755796198827e-10
235.4075	0.3973	-0.3553	2.839828884e-09	4.39742907357799e-10	-4.39743047144204e-10
236.313	0.502	-0.508	2.146019032e-09	3.26022329880807e-10	-3.26022316585065e-10
237.1504	0.4121	-0.3351	2.944147988e-09	4.38887507465947e-10	-4.3888784014769e-10
237.9612	0.3664	-0.3987	2.834595576e-09	4.30630575520934e-10	-4.30630580278637e-10
238.863	0.561	-0.535	1.978734988e-09	3.00608579993009e-10	-3.00608541772217e-10
239.8256	0.3718	-0.4021	2.802049484e-09	4.25686185688927e-10	-4.25686164755839e-10
240.6632	0.5199	-0.4657	2.20015846e-09	3.34247108453508e-10	-3.34247130545818e-10
241.6171	0.3861	-0.4340	2.682353096e-09	3.99861594795267e-10	-3.99861640888894e-10
242.583	0.497	-0.579	2.014711964e-09	3.06074167909158e-10	-3.06074181038937e-10
243.4721	0.4490	-0.3925	2.539663376e-09	3.93262917050951e-10	-3.9326293599278e-10
244.431	0.631	-0.510	1.92905366e-09	2.87566309553195e-10	-2.87566312003151e-10
245.6546	0.4016	-0.5930	2.151739352e-09	3.33193462853869e-10	-3.33193501928403e-10
246.5285	0.4724	-0.4724	2.3317716e-09	3.47600036025096e-10	-3.47600007215651e-10
247.4913	0.4240	-0.4905	2.408876456e-09	3.59094147886306e-10	-3.59094128509875e-10
248.4843	0.4131	-0.5689	2.211032736e-09	3.35899178566354e-10	-3.3589916576434e-10
249.3169	0.4327	-0.4195	2.547981384e-09	3.87088249061083e-10	-3.8708828863444e-10
250.2398	0.4706	-0.4902	2.227420232e-09	3.44912575477957e-10	-3.44912539425642e-10
251.253	0.573	-0.543	1.918383432e-09	2.97058684560274e-10	-2.97058688959501e-10
252.427	0.516	-0.601	1.915362824e-09	2.96590951029548e-10	-2.96590947145122e-10
253.511	0.628	-0.568	1.816205524e-09	2.75917170978095e-10	-2.75917161434083e-10
254.612	0.763	-0.474	1.756086792e-09	2.66783996471407e-10	-2.66783988256267e-10
255.8405	0.3958	-0.4653	2.55799892e-09	3.81323961385819e-10	-3.81323975179236e-10
256.973	0.735	-0.737	1.49703216e-09	2.23164417169312e-10	-2.2316440769802e-10
258.327	0.622	-0.620	1.77372866e-09	2.64411832475157e-10	-2.64411866075256e-10
259.619	0.718	-0.670	1.564574228e-09	2.37689446232589e-10	-2.37689440792094e-10
260.910	0.665	-0.573	1.753424576e-09	2.66379498975537e-10	-2.66379512715532e-10
262.321	0.681	-0.746	1.543714244e-09	2.30123304995173e-10	-2.30123308160159e-10
263.573	0.524	-0.571	1.955641376e-09	3.02828000086574e-10	-3.02827978955394e-10
264.669	0.665	-0.573	1.778786696e-09	2.65165857585727e-10	-2.65165876756227e-10
266.068	0.693	-0.734	1.521379272e-09	2.31127292893049e-10	-2.31127276783707e-10
267.486	0.727	-0.724	1.51602432e-09	2.25995564766098e-10	-2.25995588740106e-10
268.866	0.730	-0.652	1.56942342e-09	2.38426169711903e-10	-2.38426170999322e-10
270.171	0.770	-0.575	1.636322388e-09	2.4392854486794e-10	-2.43928535378782e-10
271.772	0.781	-0.831	1.365425996e-09	2.0354568486427e-10	-2.03545671702904e-10
273.246	0.842	-0.694	1.433459872e-09	2.13687555530263e-10	-2.13687533937435e-10
275.042	0.709	-0.954	1.28534326e-09	1.99033412637044e-10	-1.99033392320118e-10
276.493	0.862	-0.741	1.373133168e-09	2.04694626891432e-10	-2.04694593663629e-10
278.123	0.635	-0.768	1.546626288e-09	2.34962807292215e-10	-2.34962823046464e-10
279.613	0.967	-0.855	1.20893426e-09	1.80217246588091e-10	-1.80217244611413e-10
281.702	0.897	-1.122	1.075143736e-09	1.63335376963812e-10	-1.63335349468393e-10
283.652	0.926	-1.052	1.11326496e-09	1.65955734813805e-10	-1.65955699615253e-10
285.605	0.887	-1.027	1.134090936e-09	1.72290625029071e-10	-1.72290637237499e-10
287.298	0.760	-0.806	1.386790868e-09	2.10680729340198e-10	-2.10680707170373e-10
289.187	0.930	-1.129	1.03970086e-09	1.60996015806171e-10	-1.60996014328999e-10
290.961	1.139	-0.845	1.094708364e-09	1.66307647453796e-10	-1.66307661210556e-10
292.970	0.883	-0.870	1.257121852e-09	1.8740068613805e-10	-1.87400692313364e-10
295.081	0.858	-1.229	1.025509496e-09	1.58798550839212e-10	-1.5879854250897e-10
! PC data
!Time    	T_+ve   	T_-ve   	Flux    	Fluxpos 	Fluxneg
3519.350	35.915	-29.275	5.16292452e-11	1.16838844e-11	-1.16838844e-11
3594.076	26.380	-38.811	5.07918636e-11	1.14770896e-11	-1.14770896e-11
3643.923	19.157	-23.468	9.05910772e-11	1.898793952e-11	-1.898793952e-11
3693.282	34.988	-30.202	5.33830116e-11	1.185086804e-11	-1.185086804e-11
3748.477	14.896	-20.207	1.071333968e-10	2.2513841e-11	-2.2513841e-11
3798.858	27.198	-35.485	5.71345736e-11	1.253895452e-11	-1.253895452e-11
3848.596	27.606	-22.540	6.77923756e-11	1.52497104e-11	-1.52497104e-11
3908.497	25.374	-32.294	5.88138712e-11	1.321022448e-11	-1.321022448e-11
3952.913	18.568	-19.042	9.0440788e-11	2.034440528e-11	-2.034440528e-11
4005.533	31.138	-34.052	5.12163096e-11	1.16254822e-11	-1.16254822e-11
4061.210	30.622	-24.539	6.058765e-11	1.366999084e-11	-1.366999084e-11
4134.868	39.707	-43.035	4.098932356e-11	9.26207444e-12	-9.26207444e-12
4195.365	19.326	-20.791	8.46048408e-11	1.903162236e-11	-1.903162236e-11
4239.748	25.090	-25.056	6.8464644e-11	1.544723148e-11	-1.544723148e-11
4297.936	27.078	-33.098	5.95125176e-11	1.313578184e-11	-1.313578184e-11
4354.639	30.551	-29.625	5.87605048e-11	1.298843564e-11	-1.298843564e-11
4411.248	21.581	-26.059	7.0448662e-11	1.591879164e-11	-1.591879164e-11
4469.859	28.161	-37.030	5.51475472e-11	1.210286732e-11	-1.210286732e-11
4520.865	17.272	-22.845	8.91357528e-11	1.953416468e-11	-1.953416468e-11
4561.064	19.697	-22.927	7.8977694e-11	1.779247548e-11	-1.779247548e-11
4598.554	22.324	-17.793	8.46524956e-11	1.898544124e-11	-1.898544124e-11
4634.906	18.568	-14.028	1.04350278e-10	2.336825276e-11	-2.336825276e-11
4671.511	24.587	-18.038	8.02458872e-11	1.80510976e-11	-1.80510976e-11
4731.098	25.176	-35.000	5.92621664e-11	1.306178392e-11	-1.306178392e-11
4792.980	23.470	-36.706	5.64303028e-11	1.267484264e-11	-1.267484264e-11
4845.133	34.000	-28.683	5.42888888e-11	1.226728292e-11	-1.226728292e-11
4915.076	34.263	-35.942	5.03502392e-11	1.10816594e-11	-1.10816594e-11
4972.488	31.996	-23.150	7.172418e-11	1.511212624e-11	-1.511212624e-11
15975.162	38.387	-59.399	1.232620396e-11	2.77279432e-12	-2.77279432e-12
16050.391	38.378	-36.842	1.623776488e-11	3.645398616e-12	-3.645398616e-12
16155.276	76.411	-66.507	1.463131416e-11	3.30746766e-12	-3.30746766e-12
16312.729	74.413	-81.042	1.567342392e-11	3.528751176e-12	-3.528751176e-12
16435.371	64.601	-48.229	2.202549048e-11	4.96373792e-12	-4.96373792e-12
16566.378	43.916	-66.406	1.161535392e-11	2.554060968e-12	-2.554060968e-12
16652.278	40.758	-41.984	1.477421752e-11	3.333498168e-12	-3.333498168e-12
16752.025	81.422	-58.989	8.67682292e-12	1.961689132e-12	-1.961689132e-12
16874.426	36.748	-40.979	1.581660196e-11	3.554401928e-12	-3.554401928e-12
16951.153	37.748	-39.979	1.579304052e-11	3.552663596e-12	-3.552663596e-12
17028.997	47.661	-40.096	1.388837452e-11	3.152634468e-12	-3.152634468e-12
17129.919	37.003	-53.261	1.372095924e-11	3.077294976e-12	-3.077294976e-12
17232.839	54.435	-65.917	1.025435812e-11	2.309043792e-12	-2.309043792e-12
17365.285	64.895	-78.011	1.161400668e-11	2.251730284e-12	-2.251730284e-12
21741.539	63.623	-71.773	8.32483576e-12	1.841416352e-12	-1.841416352e-12
21855.286	55.184	-50.124	1.024818e-11	2.311670692e-12	-2.311670692e-12
21952.826	45.400	-42.357	1.223642284e-11	2.751104192e-12	-2.751104192e-12
22089.335	56.819	-91.108	7.22146364e-12	1.627153308e-12	-1.627153308e-12
56514.699	236.683	-252.247	1.8070565e-12	4.73932e-13	-4.73932e-13
56997.160	355.968	-245.778	1.744461288e-12	4.185158768e-13	-4.185158768e-13
62273.158	573.024	-525.174	1.198512116e-12	2.539373436e-13	-2.539373436e-13
67663.355	200.306	-368.858	1.456404372e-12	3.829782144e-13	-3.829782144e-13
68100.424	289.764	-236.763	2.003580884e-12	4.63797616e-13	-4.63797616e-13
73657.465	581.943	-508.733	1.192120356e-12	2.524578212e-13	-2.524578212e-13
! PC upper limits
12088324.049	207.478	-218.763	4.2022116e-12	0	0
