01088940000	0	212.2933964741,27.8877158510	1514.40919995308
01088940001	0	212.2923340704,27.8888371105	1514.40919995308
01088940001	1	212.2921122756,27.8877096248	476.386999964714
01088940002	0	212.2925047445,27.8877609760	1090.67550003529
01088940002	1	212.2929499838,27.8890136183	1098.19739997387
01088940002	2	212.2920755999,27.8880081328	1095.69009995461
01088940002	3	212.2923529756,27.8881612588	1090.67550003529
01088940002	4	212.292600960721,27.888220333581	1
01088940002	5	212.292600960721,27.888220333581	1
01088940002	6	212.292600960721,27.888220333581	1
01088940002	7	212.292600960721,27.888220333581	1
01088940002	8	212.292600960721,27.888220333581	1
01088940002	9	212.292600960721,27.888220333581	1
01088940003	0	212.292600960721,27.888220333581	1
01088940003	1	212.292600960721,27.888220333581	1
01088940003	2	212.292600960721,27.888220333581	1
01088940003	3	212.292600960721,27.888220333581	1
01088940003	4	212.292600960721,27.888220333581	1
01088940004	0	212.292600960721,27.888220333581	1
01088940004	1	212.292600960721,27.888220333581	1
01088940004	2	212.292600960721,27.888220333581	1
01088940004	3	212.292600960721,27.888220333581	1
01088940004	4	212.292600960721,27.888220333581	1
01088940004	5	212.292600960721,27.888220333581	1
01088940004	6	212.292600960721,27.888220333581	1
01088940005	0	212.292600960721,27.888220333581	1
01088940006	0	212.2928051590,27.8832296713	426.241000056267
01088940006	1	212.292611438749,27.8879642476806	1
01088940006	2	212.292611438749,27.8879642476806	1
01088940006	3	212.292611438749,27.8879642476806	1
01088940006	4	212.292611438749,27.8879642476806	1
01088940007	0	212.292611438749,27.8879642476806	1
01088940007	1	212.292611438749,27.8879642476806	1
