660999804.725683 661000897.919092
661011517.175643 661012612.865743
661017979.972612 661018737.177212
661022977.401603 661024073.091703
661029370.149732 661030197.558732
661034826.951492 661035516.458992
661062357.200743 661063257.321443
661069998.752292 661070337.237792
661074229.171343 661075961.715643
661080036.390323 661081768.934623
661087108.602192 661087404.463592
661138617.164832 661139098.566432
661172026.983143 661173298.184243
661178420.981352 661178699.291652
661184545.475963 661184994.282663
661195656.038303 661196458.374303
661201117.593312 661202158.122812
661206661.377572 661207197.939772
672906433.989943 672906596.964443
673016112.567492 673016578.925292
673021756.533183 673022338.226783
673025821.368852 673026297.755852
673031547.576092 673031998.890092
673170052.602404 673171378.964104
673221762.161603 673222378.957403
